49950
before anything 0
321
201 20200
203 20604
205 21012
207 21424
209 21840
211 22260
213 22684
215 23112
217 23544
219 23980
221 24420
223 24864
225 25312
227 25764
229 26220
231 26680
233 27144
235 27612
237 28084
239 28560
241 29040
243 29524
245 30012
247 30504
249 31000
251 31500
253 32004
255 32512
257 33024
259 33540
261 34060
263 34584
265 35112
267 35644
269 36180
271 36720
273 37264
275 37812
277 38364
279 38920
281 39480
283 40044
285 40612
287 41184
289 41760
291 42340
293 42924
295 43512
297 44104
299 44700
301 45300
303 45904
305 46512
307 47124
309 47740
311 48360
313 48984
315 49612
317 50244
319 50880
321 51520
323 52164
325 52812
327 53464
329 54120
331 54780
333 55444
335 56112
337 56784
339 57460
341 58140
343 58824
345 59512
347 60204
349 60900
351 61600
353 62304
355 63012
357 63724
359 64440
361 65160
363 65884
365 66612
367 67344
369 68080
371 68820
373 69564
375 70312
377 71064
379 71820
381 72580
383 73344
385 74112
387 74884
389 75660
391 76440
393 77224
395 78012
397 78804
399 79600
401 40200
401 80400
403 40602
403 81204
405 41006
405 82012
407 41412
407 82824
409 41820
409 83640
411 42230
411 84460
413 42642
413 85284
415 43056
415 86112
417 43472
417 86944
419 43890
419 87780
421 44310
421 88620
423 44732
423 89464
425 45156
425 90312
427 45582
427 91164
429 46010
429 92020
431 46440
431 92880
433 46872
433 93744
435 47306
435 94612
437 47742
437 95484
439 48180
439 96360
441 48620
441 97240
443 49062
443 98124
445 49506
445 99012
447 49952
447 99904
449 50400
451 50850
453 51302
455 51756
457 52212
459 52670
461 53130
463 53592
465 54056
467 54522
469 54990
471 55460
473 55932
475 56406
477 56882
479 57360
481 57840
483 58322
485 58806
487 59292
489 59780
491 60270
493 60762
495 61256
497 61752
499 62250
501 62750
503 63252
505 63756
507 64262
509 64770
511 65280
513 65792
515 66306
517 66822
519 67340
521 67860
523 68382
525 68906
527 69432
529 69960
531 70490
533 71022
535 71556
537 72092
539 72630
541 73170
543 73712
545 74256
547 74802
549 75350
551 75900
553 76452
555 77006
557 77562
559 78120
561 78680
563 79242
565 79806
567 80372
569 80940
571 81510
573 82082
575 82656
577 83232
579 83810
581 84390
583 84972
585 85556
587 86142
589 86730
591 87320
593 87912
595 88506
597 89102
599 89700
601 60200
601 90300
603 90902
605 61004
605 91506
607 61408
607 92112
609 92720
611 62220
611 93330
613 62628
613 93942
615 94556
617 63448
617 95172
619 63860
619 95790
621 96410
623 64688
623 97032
625 65104
625 97656
627 98282
629 65940
629 98910
631 66360
631 99540
635 67204
637 67628
641 68480
643 68908
647 69768
649 70200
653 71068
655 71504
659 72380
661 72820
665 73704
667 74148
671 75040
673 75488
677 76388
679 76840
683 77748
685 78204
689 79120
691 79580
695 80504
697 80968
701 81900
703 82368
707 83308
709 83780
713 84728
715 85204
719 86160
721 86640
725 87604
727 88088
731 89060
733 89548
737 90528
739 91020
743 92008
745 92504
749 93500
751 94000
755 95004
757 95508
761 96520
763 97028
767 98048
769 98560
773 99588
801 80200
807 81406
809 81810
815 83028
817 83436
823 84666
825 85078
831 86320
833 86736
839 87990
841 88410
847 89676
849 90100
855 91378
857 91806
863 93096
865 93528
871 94830
873 95266
879 96580
881 97020
887 98346
889 98790
