0 0 0
0 0 2
0 0 5
0 0 7
0 0 10
0 0 12
0 0 15
0 0 17
0 0 20
0 0 22
0 1 1
0 1 3
0 1 6
0 1 8
0 1 11
0 1 13
0 1 16
0 1 18
0 1 21
0 1 23
0 2 2
0 2 5
0 2 7
0 2 10
0 2 12
0 2 15
0 2 17
0 2 20
0 2 22
0 3 3
0 3 6
0 3 8
0 3 11
0 3 13
0 3 16
0 3 18
0 3 21
0 3 23
0 4 4
0 4 9
0 4 14
0 4 19
0 4 24
0 4 26
0 5 5
0 5 7
0 5 10
0 5 12
0 5 15
0 5 17
0 5 20
0 5 22
0 6 6
0 6 8
0 6 11
0 6 13
0 6 16
0 6 18
0 6 21
0 6 23
0 7 7
0 7 10
0 7 12
0 7 15
0 7 17
0 7 20
0 7 22
0 8 8
0 8 11
0 8 13
0 8 16
0 8 18
0 8 21
0 8 23
0 9 9
0 9 14
0 9 19
0 9 24
0 9 26
0 10 10
0 10 12
0 10 15
0 10 17
0 10 20
0 10 22
0 11 11
0 11 13
0 11 16
0 11 18
0 11 21
0 11 23
0 12 12
0 12 15
0 12 17
0 12 20
0 12 22
0 13 13
0 13 16
0 13 18
0 13 21
0 13 23
0 14 14
0 14 19
0 14 24
0 14 26
0 15 15
0 15 17
0 15 20
0 15 22
0 16 16
0 16 18
0 16 21
0 16 23
0 17 17
0 17 20
0 17 22
0 18 18
0 18 21
0 18 23
0 19 19
0 19 24
0 19 26
0 20 20
0 20 22
0 21 21
0 21 23
0 22 22
0 23 23
0 24 24
0 24 26
0 25 25
0 25 27
0 26 26
0 27 27
0 28 28
0 29 29
1 1 2
1 1 5
1 1 7
1 1 10
1 1 12
1 1 15
1 1 17
1 1 20
1 1 22
1 2 3
1 2 6
1 2 8
1 2 11
1 2 13
1 2 16
1 2 18
1 2 21
1 2 23
1 3 5
1 3 7
1 3 10
1 3 12
1 3 15
1 3 17
1 3 20
1 3 22
1 4 25
1 4 27
1 5 6
1 5 8
1 5 11
1 5 13
1 5 16
1 5 18
1 5 21
1 5 23
1 6 7
1 6 10
1 6 12
1 6 15
1 6 17
1 6 20
1 6 22
1 7 8
1 7 11
1 7 13
1 7 16
1 7 18
1 7 21
1 7 23
1 8 10
1 8 12
1 8 15
1 8 17
1 8 20
1 8 22
1 9 25
1 9 27
1 10 11
1 10 13
1 10 16
1 10 18
1 10 21
1 10 23
1 11 12
1 11 15
1 11 17
1 11 20
1 11 22
1 12 13
1 12 16
1 12 18
1 12 21
1 12 23
1 13 15
1 13 17
1 13 20
1 13 22
1 14 25
1 14 27
1 15 16
1 15 18
1 15 21
1 15 23
1 16 17
1 16 20
1 16 22
1 17 18
1 17 21
1 17 23
1 18 20
1 18 22
1 19 25
1 19 27
1 20 21
1 20 23
1 21 22
1 22 23
1 24 25
1 24 27
1 25 26
1 26 27
1 28 29
2 2 2
2 2 5
2 2 7
2 2 10
2 2 12
2 2 15
2 2 17
2 2 20
2 2 22
2 3 3
2 3 6
2 3 8
2 3 11
2 3 13
2 3 16
2 3 18
2 3 21
2 3 23
2 4 4
2 4 9
2 4 14
2 4 19
2 4 24
2 4 26
2 5 5
2 5 7
2 5 10
2 5 12
2 5 15
2 5 17
2 5 20
2 5 22
2 6 6
2 6 8
2 6 11
2 6 13
2 6 16
2 6 18
2 6 21
2 6 23
2 7 7
2 7 10
2 7 12
2 7 15
2 7 17
2 7 20
2 7 22
2 8 8
2 8 11
2 8 13
2 8 16
2 8 18
2 8 21
2 8 23
2 9 9
2 9 14
2 9 19
2 9 24
2 9 26
2 10 10
2 10 12
2 10 15
2 10 17
2 10 20
2 10 22
2 11 11
2 11 13
2 11 16
2 11 18
2 11 21
2 11 23
2 12 12
2 12 15
2 12 17
2 12 20
2 12 22
2 13 13
2 13 16
2 13 18
2 13 21
2 13 23
2 14 14
2 14 19
2 14 24
2 14 26
2 15 15
2 15 17
2 15 20
2 15 22
2 16 16
2 16 18
2 16 21
2 16 23
2 17 17
2 17 20
2 17 22
2 18 18
2 18 21
2 18 23
2 19 19
2 19 24
2 19 26
2 20 20
2 20 22
2 21 21
2 21 23
2 22 22
2 23 23
2 24 24
2 24 26
2 25 25
2 25 27
2 26 26
2 27 27
2 28 28
2 29 29
3 3 5
3 3 7
3 3 10
3 3 12
3 3 15
3 3 17
3 3 20
3 3 22
3 4 25
3 4 27
3 5 6
3 5 8
3 5 11
3 5 13
3 5 16
3 5 18
3 5 21
3 5 23
3 6 7
3 6 10
3 6 12
3 6 15
3 6 17
3 6 20
3 6 22
3 7 8
3 7 11
3 7 13
3 7 16
3 7 18
3 7 21
3 7 23
3 8 10
3 8 12
3 8 15
3 8 17
3 8 20
3 8 22
3 9 25
3 9 27
3 10 11
3 10 13
3 10 16
3 10 18
3 10 21
3 10 23
3 11 12
3 11 15
3 11 17
3 11 20
3 11 22
3 12 13
3 12 16
3 12 18
3 12 21
3 12 23
3 13 15
3 13 17
3 13 20
3 13 22
3 14 25
3 14 27
3 15 16
3 15 18
3 15 21
3 15 23
3 16 17
3 16 20
3 16 22
3 17 18
3 17 21
3 17 23
3 18 20
3 18 22
3 19 25
3 19 27
3 20 21
3 20 23
3 21 22
3 22 23
3 24 25
3 24 27
3 25 26
3 26 27
3 28 29
4 4 5
4 4 7
4 4 10
4 4 12
4 4 15
4 4 17
4 4 20
4 4 22
4 5 9
4 5 14
4 5 19
4 5 24
4 5 26
4 6 25
4 6 27
4 7 9
4 7 14
4 7 19
4 7 24
4 7 26
4 8 25
4 8 27
4 9 10
4 9 12
4 9 15
4 9 17
4 9 20
4 9 22
4 10 14
4 10 19
4 10 24
4 10 26
4 11 25
4 11 27
4 12 14
4 12 19
4 12 24
4 12 26
4 13 25
4 13 27
4 14 15
4 14 17
4 14 20
4 14 22
4 15 19
4 15 24
4 15 26
4 16 25
4 16 27
4 17 19
4 17 24
4 17 26
4 18 25
4 18 27
4 19 20
4 19 22
4 20 24
4 20 26
4 21 25
4 21 27
4 22 24
4 22 26
4 23 25
4 23 27
5 5 5
5 5 7
5 5 10
5 5 12
5 5 15
5 5 17
5 5 20
5 5 22
5 6 6
5 6 8
5 6 11
5 6 13
5 6 16
5 6 18
5 6 21
5 6 23
5 7 7
5 7 10
5 7 12
5 7 15
5 7 17
5 7 20
5 7 22
5 8 8
5 8 11
5 8 13
5 8 16
5 8 18
5 8 21
5 8 23
5 9 9
5 9 14
5 9 19
5 9 24
5 9 26
5 10 10
5 10 12
5 10 15
5 10 17
5 10 20
5 10 22
5 11 11
5 11 13
5 11 16
5 11 18
5 11 21
5 11 23
5 12 12
5 12 15
5 12 17
5 12 20
5 12 22
5 13 13
5 13 16
5 13 18
5 13 21
5 13 23
5 14 14
5 14 19
5 14 24
5 14 26
5 15 15
5 15 17
5 15 20
5 15 22
5 16 16
5 16 18
5 16 21
5 16 23
5 17 17
5 17 20
5 17 22
5 18 18
5 18 21
5 18 23
5 19 19
5 19 24
5 19 26
5 20 20
5 20 22
5 21 21
5 21 23
5 22 22
5 23 23
5 24 24
5 24 26
5 25 25
5 25 27
5 26 26
5 27 27
5 28 28
5 29 29
6 6 7
6 6 10
6 6 12
6 6 15
6 6 17
6 6 20
6 6 22
6 7 8
6 7 11
6 7 13
6 7 16
6 7 18
6 7 21
6 7 23
6 8 10
6 8 12
6 8 15
6 8 17
6 8 20
6 8 22
6 9 25
6 9 27
6 10 11
6 10 13
6 10 16
6 10 18
6 10 21
6 10 23
6 11 12
6 11 15
6 11 17
6 11 20
6 11 22
6 12 13
6 12 16
6 12 18
6 12 21
6 12 23
6 13 15
6 13 17
6 13 20
6 13 22
6 14 25
6 14 27
6 15 16
6 15 18
6 15 21
6 15 23
6 16 17
6 16 20
6 16 22
6 17 18
6 17 21
6 17 23
6 18 20
6 18 22
6 19 25
6 19 27
6 20 21
6 20 23
6 21 22
6 22 23
6 24 25
6 24 27
6 25 26
6 26 27
6 28 29
7 7 7
7 7 10
7 7 12
7 7 15
7 7 17
7 7 20
7 7 22
7 8 8
7 8 11
7 8 13
7 8 16
7 8 18
7 8 21
7 8 23
7 9 9
7 9 14
7 9 19
7 9 24
7 9 26
7 10 10
7 10 12
7 10 15
7 10 17
7 10 20
7 10 22
7 11 11
7 11 13
7 11 16
7 11 18
7 11 21
7 11 23
7 12 12
7 12 15
7 12 17
7 12 20
7 12 22
7 13 13
7 13 16
7 13 18
7 13 21
7 13 23
7 14 14
7 14 19
7 14 24
7 14 26
7 15 15
7 15 17
7 15 20
7 15 22
7 16 16
7 16 18
7 16 21
7 16 23
7 17 17
7 17 20
7 17 22
7 18 18
7 18 21
7 18 23
7 19 19
7 19 24
7 19 26
7 20 20
7 20 22
7 21 21
7 21 23
7 22 22
7 23 23
7 24 24
7 24 26
7 25 25
7 25 27
7 26 26
7 27 27
7 28 28
7 29 29
8 8 10
8 8 12
8 8 15
8 8 17
8 8 20
8 8 22
8 9 25
8 9 27
8 10 11
8 10 13
8 10 16
8 10 18
8 10 21
8 10 23
8 11 12
8 11 15
8 11 17
8 11 20
8 11 22
8 12 13
8 12 16
8 12 18
8 12 21
8 12 23
8 13 15
8 13 17
8 13 20
8 13 22
8 14 25
8 14 27
8 15 16
8 15 18
8 15 21
8 15 23
8 16 17
8 16 20
8 16 22
8 17 18
8 17 21
8 17 23
8 18 20
8 18 22
8 19 25
8 19 27
8 20 21
8 20 23
8 21 22
8 22 23
8 24 25
8 24 27
8 25 26
8 26 27
8 28 29
9 9 10
9 9 12
9 9 15
9 9 17
9 9 20
9 9 22
9 10 14
9 10 19
9 10 24
9 10 26
9 11 25
9 11 27
9 12 14
9 12 19
9 12 24
9 12 26
9 13 25
9 13 27
9 14 15
9 14 17
9 14 20
9 14 22
9 15 19
9 15 24
9 15 26
9 16 25
9 16 27
9 17 19
9 17 24
9 17 26
9 18 25
9 18 27
9 19 20
9 19 22
9 20 24
9 20 26
9 21 25
9 21 27
9 22 24
9 22 26
9 23 25
9 23 27
10 10 10
10 10 12
10 10 15
10 10 17
10 10 20
10 10 22
10 11 11
10 11 13
10 11 16
10 11 18
10 11 21
10 11 23
10 12 12
10 12 15
10 12 17
10 12 20
10 12 22
10 13 13
10 13 16
10 13 18
10 13 21
10 13 23
10 14 14
10 14 19
10 14 24
10 14 26
10 15 15
10 15 17
10 15 20
10 15 22
10 16 16
10 16 18
10 16 21
10 16 23
10 17 17
10 17 20
10 17 22
10 18 18
10 18 21
10 18 23
10 19 19
10 19 24
10 19 26
10 20 20
10 20 22
10 21 21
10 21 23
10 22 22
10 23 23
10 24 24
10 24 26
10 25 25
10 25 27
10 26 26
10 27 27
10 28 28
10 29 29
11 11 12
11 11 15
11 11 17
11 11 20
11 11 22
11 12 13
11 12 16
11 12 18
11 12 21
11 12 23
11 13 15
11 13 17
11 13 20
11 13 22
11 14 25
11 14 27
11 15 16
11 15 18
11 15 21
11 15 23
11 16 17
11 16 20
11 16 22
11 17 18
11 17 21
11 17 23
11 18 20
11 18 22
11 19 25
11 19 27
11 20 21
11 20 23
11 21 22
11 22 23
11 24 25
11 24 27
11 25 26
11 26 27
11 28 29
12 12 12
12 12 15
12 12 17
12 12 20
12 12 22
12 13 13
12 13 16
12 13 18
12 13 21
12 13 23
12 14 14
12 14 19
12 14 24
12 14 26
12 15 15
12 15 17
12 15 20
12 15 22
12 16 16
12 16 18
12 16 21
12 16 23
12 17 17
12 17 20
12 17 22
12 18 18
12 18 21
12 18 23
12 19 19
12 19 24
12 19 26
12 20 20
12 20 22
12 21 21
12 21 23
12 22 22
12 23 23
12 24 24
12 24 26
12 25 25
12 25 27
12 26 26
12 27 27
12 28 28
12 29 29
13 13 15
13 13 17
13 13 20
13 13 22
13 14 25
13 14 27
13 15 16
13 15 18
13 15 21
13 15 23
13 16 17
13 16 20
13 16 22
13 17 18
13 17 21
13 17 23
13 18 20
13 18 22
13 19 25
13 19 27
13 20 21
13 20 23
13 21 22
13 22 23
13 24 25
13 24 27
13 25 26
13 26 27
13 28 29
14 14 15
14 14 17
14 14 20
14 14 22
14 15 19
14 15 24
14 15 26
14 16 25
14 16 27
14 17 19
14 17 24
14 17 26
14 18 25
14 18 27
14 19 20
14 19 22
14 20 24
14 20 26
14 21 25
14 21 27
14 22 24
14 22 26
14 23 25
14 23 27
15 15 15
15 15 17
15 15 20
15 15 22
15 16 16
15 16 18
15 16 21
15 16 23
15 17 17
15 17 20
15 17 22
15 18 18
15 18 21
15 18 23
15 19 19
15 19 24
15 19 26
15 20 20
15 20 22
15 21 21
15 21 23
15 22 22
15 23 23
15 24 24
15 24 26
15 25 25
15 25 27
15 26 26
15 27 27
15 28 28
15 29 29
16 16 17
16 16 20
16 16 22
16 17 18
16 17 21
16 17 23
16 18 20
16 18 22
16 19 25
16 19 27
16 20 21
16 20 23
16 21 22
16 22 23
16 24 25
16 24 27
16 25 26
16 26 27
16 28 29
17 17 17
17 17 20
17 17 22
17 18 18
17 18 21
17 18 23
17 19 19
17 19 24
17 19 26
17 20 20
17 20 22
17 21 21
17 21 23
17 22 22
17 23 23
17 24 24
17 24 26
17 25 25
17 25 27
17 26 26
17 27 27
17 28 28
17 29 29
18 18 20
18 18 22
18 19 25
18 19 27
18 20 21
18 20 23
18 21 22
18 22 23
18 24 25
18 24 27
18 25 26
18 26 27
18 28 29
19 19 20
19 19 22
19 20 24
19 20 26
19 21 25
19 21 27
19 22 24
19 22 26
19 23 25
19 23 27
20 20 20
20 20 22
20 21 21
20 21 23
20 22 22
20 23 23
20 24 24
20 24 26
20 25 25
20 25 27
20 26 26
20 27 27
20 28 28
20 29 29
21 21 22
21 22 23
21 24 25
21 24 27
21 25 26
21 26 27
21 28 29
22 22 22
22 23 23
22 24 24
22 24 26
22 25 25
22 25 27
22 26 26
22 27 27
22 28 28
22 29 29
23 24 25
23 24 27
23 25 26
23 26 27
23 28 29
1160
