2 144 17
2 2584 305
2 46368 5473
4 2112 130
4 139360 8578
6 10512 435
8 30 1
8 546 17
8 7742 241
8 33024 1028
8 140866 4385
10 80400 2005
12 166464 3462
30 112 1
30 28928 241
32 252 2
32 16644 130
72 858 3
72 125286 435
112 418 1
128 2040 4
144 9790 17
144 175682 305
200 3990 5
252 1984 2
288 6900 6
392 10962 7
418 1560 1
512 16368 8
546 37120 17
648 23310 9
800 31980 10
858 10224 3
968 42570 11
1152 55272 12
1352 70278 13
1560 5822 1
1568 87780 14
1800 107970 15
1984 15620 2
2040 32512 4
2048 131040 16
2312 157182 17
2592 186588 18
3990 79600 5
5822 21728 1
6900 165312 6
10224 121830 3
15620 122976 2
21728 81090 1
