1 4
3 1
5 5
7 1
9 1
11 1
13 3
15 3
17 3
19 1
21 1
23 1
25 5
27 1
29 5
31 1
33 1
35 3
37 3
39 3
41 3
43 1
45 3
47 1
49 1
51 3
53 3
55 3
57 1
59 1
61 3
63 1
65 9
67 1
69 1
71 1
73 3
75 5
77 1
79 1
81 1
83 1
85 9
87 3
89 3
91 3
93 1
95 3
97 3
99 1
101 3
103 1
105 3
107 1
109 3
111 3
113 3
115 3
117 3
119 3
121 1
123 3
125 7
127 1
129 1
131 1
133 1
135 3
137 3
139 1
141 1
143 3
145 9
147 1
149 3
151 1
153 3
155 3
157 3
159 3
161 1
163 1
165 3
167 1
169 7
171 1
173 3
175 5
177 1
179 1
181 3
183 3
185 9
187 3
189 1
191 1
193 3
195 9
197 3
199 1
201 1
203 3
205 9
207 1
209 1
211 1
213 1
215 3
217 1
219 3
221 9
223 1
225 5
227 1
229 3
231 1
233 3
235 3
237 1
239 1
241 3
243 1
245 3
247 3
249 1
251 1
253 1
255 9
257 3
259 3
261 3
263 1
265 9
267 3
269 3
271 1
273 3
275 5
277 3
279 1
281 3
283 1
285 3
287 3
289 5
291 3
293 3
295 3
297 1
299 3
301 1
303 3
305 9
307 1
309 1
311 1
313 3
315 3
317 3
319 3
321 1
323 3
325 15
327 3
329 1
331 1
333 3
335 3
337 3
339 3
341 1
343 1
345 3
347 1
349 3
351 3
353 3
355 3
357 3
359 1
361 1
363 1
365 9
367 1
369 3
371 3
373 3
375 7
377 9
379 1
381 1
383 1
385 3
387 1
389 3
391 3
393 1
395 3
397 3
399 1
401 3
403 3
405 3
407 3
409 3
411 3
413 1
415 3
417 1
419 1
421 3
423 1
425 15
427 3
429 3
431 1
433 3
435 9
437 1
439 1
441 1
443 1
445 9
447 3
449 3
451 3
453 1
455 9
457 3
459 3
461 3
463 1
465 3
467 1
469 1
471 3
473 1
475 5
477 3
479 1
481 9
483 1
485 9
487 1
489 1
491 1
493 9
495 3
497 1
499 1
501 1
503 1
505 9
507 5
509 3
511 3
513 1
515 3
517 1
519 3
521 3
523 1
525 5
527 3
529 1
531 1
533 9
535 3
537 1
539 1
541 3
543 3
545 9
547 1
549 3
551 3
553 1
555 9
557 3
559 3
561 3
563 1
565 9
567 1
569 3
571 1
573 1
575 5
577 3
579 3
581 1
583 3
585 9
587 1
589 1
591 3
593 3
595 9
597 1
599 1
601 3
603 1
605 3
607 1
609 3
611 3
613 3
615 9
617 3
619 1
621 1
623 3
625 9
627 1
629 9
631 1
633 1
635 3
637 3
639 1
641 3
643 1
645 3
647 1
649 1
651 1
653 3
655 3
657 3
659 1
661 3
663 9
665 3
667 3
669 1
671 3
673 3
675 5
677 3
679 3
681 1
683 1
685 9
687 3
689 9
691 1
693 1
695 3
697 9
699 3
701 3
703 3
705 3
707 3
709 3
711 1
713 1
715 9
717 1
719 1
721 1
723 3
725 15
727 1
729 1
731 3
733 3
735 3
737 1
739 1
741 3
743 1
745 9
747 1
749 1
751 1
753 1
755 3
757 3
759 1
761 3
763 3
765 9
767 3
769 3
771 3
773 3
775 5
777 3
779 3
781 1
783 3
785 9
787 1
789 1
791 3
793 9
795 9
797 3
799 3
801 3
803 3
805 3
807 3
809 3
811 1
813 1
815 3
817 1
819 3
821 3
823 1
825 5
827 1
829 3
831 3
833 3
835 3
837 1
839 1
841 5
843 3
845 15
847 1
849 1
851 3
853 3
855 3
857 3
859 1
861 3
863 1
865 9
867 5
869 1
871 3
873 3
875 7
877 3
879 3
881 3
883 1
885 3
887 1
889 1
891 1
893 1
895 3
897 3
899 3
901 9
903 1
905 9
907 1
909 3
911 1
913 1
915 9
917 1
919 1
921 1
923 3
925 15
927 1
929 3
931 1
933 1
935 9
937 3
939 3
941 3
943 3
945 3
947 1
949 9
951 3
953 3
955 3
957 3
959 3
961 1
963 1
965 9
967 1
969 3
971 1
973 1
975 15
977 3
979 3
981 3
983 1
985 11
987 1
989 1
991 1
993 1
995 3
997 3
999 3
1001 3
1003 3
1005 3
1007 3
1009 3
1011 3
1013 3
1015 9
1017 3
1019 1
1021 3
1023 1
1025 15
1027 3
1029 1
1031 1
1033 3
1035 3
1037 9
1039 1
1041 1
1043 3
1045 3
1047 3
1049 3
1051 1
1053 3
1055 3
1057 1
1059 3
1061 3
1063 1
1065 3
1067 3
1069 3
1071 3
1073 9
1075 5
1077 1
1079 3
1081 1
1083 1
1085 3
1087 1
1089 1
1091 1
1093 3
1095 9
1097 3
1099 3
1101 1
1103 1
1105 27
