2 1 1
2 2 2
2 3 4
2 4 10
2 5 26
2 6 80
2 7 246
2 8 810
2 9 2704
2 10 9252
2 11 32066
2 12 112720
2 13 400024
2 14 1432860
2 15 5170604
2 16 18784170
2 17 68635478
2 18 252088496
2 19 930138522
2 20 3446167860
2 21 12815663844
2 22 47820447028
2 23 178987624514
2 24 671825133648
2 25 2528212128776
2 26 9536895064400
2 27 36054433810102
2 28 136583761444364
2 29 518401146543812
3 1 2
3 2 16
3 3 188
3 4 2896
3 5 50452
3 6 953056
3 7 19003476
3 8 394397776
3 9 8439756848
3 10 185033251616
3 11 4137181680700
3 12 94020327215200
4 1 6
4 2 318
4 3 30804
4 4 3941598
4 5 586637256
4 6 96197661156
4 7 16875655269948
5 1 24
5 2 11352
5 3 11211216
5 4 15277017432
5 5 24934429725024
6 1 120
6 2 623760
6 3 7623616080
6 4 135277939358160
7 1 720
7 2 48648960
7 3 8690922240480
8 1 5040
8 2 5108105520
9 1 40320
9 2 694702028160
10 1 362880
10 2 118794043549440
11 1 3628800
12 1 39916800
13 1 479001600
14 1 6227020800
15 1 87178291200
16 1 1307674368000
17 1 20922789888000
18 1 355687428096000
1485776387445623
