0 1 2
0 2 1
0 3 3
0 4 1
0 5 0
0 6 1
0 7 1
0 8 1
0 9 3
0 10 1
0 11 4
0 12 2
0 13 4
0 14 0
0 15 1
0 16 0
0 17 3
0 18 4
0 19 0
0 20 1
0 21 2
1 2 1
1 3 2
1 4 1
1 5 3
1 6 1
1 7 1
1 8 2
1 9 3
1 10 2
1 11 3
1 12 0
1 13 1
1 14 0
1 15 4
1 16 1
1 17 5
1 18 3
1 19 4
1 20 2
1 21 4
2 3 1
2 4 2
2 5 0
2 6 0
2 7 0
2 8 0
2 9 2
2 10 1
2 11 2
2 12 1
2 13 2
2 14 1
2 15 0
2 16 2
2 17 1
2 18 2
2 19 0
2 20 2
2 21 1
3 4 0
3 5 1
3 6 2
3 7 3
3 8 3
3 9 2
3 10 0
3 11 1
3 12 2
3 13 3
3 14 1
3 15 2
3 16 1
3 17 0
3 18 3
3 19 4
3 20 3
3 21 2
4 5 2
4 6 2
4 7 0
4 8 0
4 9 0
4 10 3
4 11 2
4 12 0
4 13 1
4 14 1
4 15 2
4 16 0
4 17 2
4 18 0
4 19 2
4 20 2
4 21 1
5 6 2
5 7 2
5 8 2
5 9 2
5 10 1
5 11 0
5 12 1
5 13 1
5 14 2
5 15 2
5 16 1
5 17 0
5 18 2
5 19 4
5 20 1
5 21 3
6 7 1
6 8 5
6 9 2
6 10 4
6 11 3
6 12 2
6 13 2
6 14 1
6 15 1
6 16 1
6 17 2
6 18 1
6 19 0
6 20 3
6 21 3
7 8 1
7 9 3
7 10 2
7 11 1
7 12 2
7 13 3
7 14 5
7 15 1
7 16 2
7 17 0
7 18 1
7 19 3
7 20 3
7 21 3
8 9 2
8 10 3
8 11 2
8 12 2
8 13 4
8 14 1
8 15 1
8 16 0
8 17 0
8 18 1
8 19 1
8 20 1
8 21 2
9 10 2
9 11 1
9 12 1
9 13 5
9 14 2
9 15 2
9 16 0
9 17 1
9 18 1
9 19 5
9 20 2
9 21 2
10 11 2
10 12 2
10 13 0
10 14 1
10 15 1
10 16 1
10 17 1
10 18 2
10 19 0
10 20 4
10 21 2
11 12 2
11 13 1
11 14 1
11 15 0
11 16 2
11 17 1
11 18 1
11 19 0
11 20 0
11 21 3
12 13 0
12 14 0
12 15 0
12 16 1
12 17 2
12 18 2
12 19 2
12 20 1
12 21 2
13 14 2
13 15 1
13 16 2
13 17 0
13 18 4
13 19 2
13 20 1
13 21 1
14 15 2
14 16 1
14 17 1
14 18 2
14 19 0
14 20 2
14 21 1
15 16 2
15 17 1
15 18 1
15 19 3
15 20 2
15 21 3
16 17 1
16 18 4
16 19 0
16 20 3
16 21 0
17 18 5
17 19 0
17 20 2
17 21 0
18 19 3
18 20 1
18 21 1
19 20 0
19 21 2
20 21 2
