450
1 2 1 3 5 12
1 3 1 4 7 24
1 4 1 5 9 40
1 3 2 5 11 30
1 2 2 5 9 20
1 5 1 6 11 60
1 6 1 7 13 84
1 4 2 7 15 56
1 3 2 7 13 42
2 5 3 7 29 70
1 2 3 7 13 28
1 7 1 8 15 112
1 3 3 8 17 48
2 5 3 8 31 80
1 8 1 9 17 144
1 5 2 9 19 90
1 4 2 9 17 72
3 7 4 9 55 126
1 2 4 9 17 36
1 9 1 10 19 180
2 7 3 10 41 140
1 3 3 10 19 60
1 10 1 11 21 220
1 6 2 11 23 132
1 5 2 11 21 110
1 4 3 11 23 88
2 7 3 11 43 154
1 3 4 11 23 66
3 8 4 11 65 176
4 9 5 11 89 198
1 2 5 11 21 44
1 11 1 12 23 264
2 5 5 12 49 120
3 7 5 12 71 168
1 12 1 13 25 312
1 7 2 13 27 182
1 6 2 13 25 156
2 9 3 13 53 234
1 4 3 13 25 104
3 10 4 13 79 260
1 3 4 13 25 78
3 8 5 13 79 208
2 5 5 13 51 130
5 11 6 13 131 286
1 2 6 13 25 52
1 13 1 14 27 364
1 5 3 14 29 140
2 9 3 14 55 252
1 3 5 14 29 84
4 11 5 14 111 308
1 14 1 15 29 420
1 8 2 15 31 240
1 7 2 15 29 210
1 4 4 15 31 120
3 11 4 15 89 330
6 13 7 15 181 390
1 2 7 15 29 60
1 15 1 16 31 480
2 11 3 16 65 352
1 5 3 16 31 160
4 13 5 16 129 416
1 3 5 16 31 96
3 7 7 16 97 224
4 9 7 16 127 288
1 16 1 17 33 544
1 9 2 17 35 306
1 8 2 17 33 272
1 6 3 17 35 204
2 11 3 17 67 374
3 13 4 17 103 442
1 4 4 17 33 136
2 7 5 17 69 238
3 10 5 17 101 340
1 3 6 17 35 102
5 14 6 17 169 476
2 5 7 17 69 170
5 12 7 17 169 408
7 15 8 17 239 510
1 2 8 17 33 68
1 17 1 18 35 612
3 11 5 18 109 396
2 7 5 18 71 252
5 13 7 18 181 468
2 5 7 18 71 180
1 18 1 19 37 684
1 10 2 19 39 380
1 9 2 19 37 342
2 13 3 19 77 494
1 6 3 19 37 228
1 5 4 19 39 190
3 14 4 19 113 532
1 4 5 19 39 152
4 15 5 19 151 570
5 16 6 19 191 608
1 3 6 19 37 114
4 11 7 19 153 418
3 8 7 19 113 304
5 12 8 19 191 456
3 7 8 19 113 266
8 17 9 19 305 646
1 2 9 19 37 76
1 19 1 20 39 760
1 7 3 20 41 280
2 13 3 20 79 520
1 3 7 20 41 120
6 17 7 20 239 680
4 9 9 20 161 360
5 11 9 20 199 440
1 20 1 21 41 840
1 11 2 21 43 462
1 10 2 21 41 420
3 16 4 21 127 672
1 5 4 21 41 210
4 17 5 21 169 714
1 4 5 21 41 168
3 8 8 21 127 336
5 13 8 21 209 546
9 19 10 21 379 798
1 2 10 21 41 84
1 21 1 22 43 924
2 15 3 22 89 660
1 7 3 22 43 308
2 9 5 22 89 396
3 13 5 22 131 572
6 19 7 22 265 836
1 3 7 22 43 132
2 5 9 22 89 220
7 17 9 22 307 748
1 12 2 23 47 552
1 11 2 23 45 506
1 8 3 23 47 368
2 15 3 23 91 690
1 6 4 23 47 276
3 17 4 23 137 782
3 14 5 23 139 644
2 9 5 23 91 414
1 4 6 23 47 184
5 19 6 23 229 874
3 10 7 23 139 460
4 13 7 23 183 598
1 3 8 23 47 138
7 20 8 23 321 920
7 18 9 23 323 828
2 5 9 23 91 230
3 7 10 23 139 322
7 16 10 23 321 736
10 21 11 23 461 966
1 2 11 23 45 92
1 5 5 24 49 240
4 19 5 24 191 912
2 7 7 24 97 336
5 17 7 24 239 816
5 11 11 24 241 528
6 13 11 24 287 624
1 13 2 25 51 650
1 12 2 25 49 600
2 17 3 25 101 850
1 8 3 25 49 400
3 19 4 25 151 950
1 6 4 25 49 300
1 4 6 25 49 200
5 18 7 25 251 900
2 7 7 25 99 350
1 3 8 25 49 150
5 14 9 25 251 700
4 11 9 25 199 550
7 16 11 25 351 800
4 9 11 25 199 450
1 2 12 25 49 100
1 9 3 26 53 468
2 17 3 26 103 884
1 5 5 26 51 260
4 15 7 26 209 780
3 11 7 26 155 572
1 3 9 26 53 156
8 19 11 26 417 988
3 7 11 26 155 364
1 14 2 27 55 756
1 13 2 27 53 702
1 7 4 27 55 378
2 11 5 27 109 594
3 16 5 27 161 864
1 4 7 27 55 216
5 17 8 27 271 918
3 10 8 27 161 540
3 8 10 27 161 432
2 5 11 27 109 270
1 2 13 27 53 108
1 9 3 28 55 504
3 17 5 28 169 952
2 11 5 28 111 616
1 3 9 28 55 168
2 5 11 28 111 280
6 13 13 28 337 728
7 15 13 28 391 840
1 15 2 29 59 870
1 14 2 29 57 812
1 10 3 29 59 580
1 7 4 29 57 406
1 6 5 29 59 348
1 5 6 29 59 290
1 4 7 29 57 232
3 11 8 29 175 638
4 13 9 29 233 754
5 16 9 29 289 928
1 3 10 29 59 174
3 8 11 29 175 464
7 17 12 29 407 986
5 12 12 29 289 696
4 9 13 29 233 522
1 2 14 29 57 116
3 13 7 30 181 780
4 11 11 30 241 660
3 7 13 30 181 420
1 16 2 31 63 992
1 15 2 31 61 930
1 10 3 31 61 620
1 8 4 31 63 496
1 6 5 31 61 372
1 5 6 31 61 310
2 9 7 31 125 558
1 4 8 31 63 248
2 7 9 31 125 434
1 3 10 31 61 186
5 14 11 31 309 868
5 13 12 31 311 806
5 12 13 31 311 744
5 11 14 31 309 682
1 2 15 31 61 124
1 11 3 32 65 704
2 13 5 32 129 832
2 9 7 32 127 576
2 7 9 32 127 448
1 3 11 32 65 192
2 5 13 32 129 320
7 15 15 32 449 960
1 8 4 33 65 528
2 13 5 33 131 858
3 14 7 33 197 924
1 4 8 33 65 264
3 10 10 33 199 660
2 5 13 33 131 330
3 7 14 33 197 462
1 2 16 33 65 132
1 11 3 34 67 748
1 7 5 34 69 476
1 5 7 34 69 340
1 3 11 34 67 204
5 13 13 34 339 884
4 9 15 34 271 612
1 12 3 35 71 840
1 9 4 35 71 630
1 6 6 35 71 420
3 13 8 35 209 910
1 4 9 35 71 280
1 3 12 35 71 210
3 8 13 35 209 560
5 11 16 35 351 770
1 2 17 35 69 140
1 7 5 36 71 504
1 5 7 36 71 360
4 13 11 36 287 936
4 11 13 36 287 792
1 12 3 37 73 888
1 9 4 37 73 666
1 6 6 37 73 444
1 4 9 37 73 296
3 11 10 37 221 814
3 10 11 37 221 740
1 3 12 37 73 222
3 8 14 37 223 592
2 5 15 37 149 370
3 7 16 37 223 518
6 13 17 37 443 962
1 2 18 37 73 148
1 13 3 38 77 988
2 11 7 38 153 836
2 7 11 38 153 532
1 3 13 38 77 228
2 5 15 38 151 380
4 9 17 38 305 684
1 10 4 39 79 780
1 8 5 39 79 624
2 11 7 39 155 858
1 5 8 39 79 390
1 4 10 39 79 312
2 7 11 39 155 546
1 2 19 39 77 156
2 9 9 40 161 720
3 11 11 40 241 880
1 3 13 40 79 240
3 7 17 40 239 560
1 10 4 41 81 820
1 8 5 41 81 656
1 7 6 41 83 574
1 6 7 41 83 492
1 5 8 41 81 410
2 9 9 41 163 738
1 4 10 41 81 328
1 3 14 41 83 246
4 11 15 41 329 902
5 12 17 41 409 984
1 2 20 41 81 164
2 5 17 42 169 420
5 11 19 42 419 924
1 11 4 43 87 946
1 7 6 43 85 602
1 6 7 43 85 516
1 4 11 43 87 344
3 10 13 43 259 860
1 3 14 43 85 258
3 8 16 43 257 688
2 5 17 43 171 430
4 9 19 43 343 774
1 2 21 43 85 172
1 9 5 44 89 792
1 5 9 44 89 440
1 3 15 44 89 264
3 7 19 44 265 616
1 11 4 45 89 990
1 4 11 45 89 360
2 7 13 45 181 630
3 8 17 45 271 720
1 2 22 45 89 180
1 9 5 46 91 828
1 5 9 46 91 460
2 7 13 46 183 644
1 3 15 46 91 276
1 8 6 47 95 752
1 6 8 47 95 564
1 4 12 47 95 376
3 10 14 47 281 940
1 3 16 47 95 282
2 5 19 47 189 470
3 7 20 47 281 658
4 9 21 47 377 846
1 2 23 47 93 188
1 7 7 48 97 672
2 5 19 48 191 480
1 10 5 49 99 980
1 8 6 49 97 784
1 6 8 49 97 588
1 5 10 49 99 490
2 9 11 49 197 882
1 4 12 49 97 392
1 3 16 49 97 294
1 2 24 49 97 196
1 7 7 50 99 700
2 9 11 50 199 900
1 3 17 50 101 300
1 5 10 51 101 510
1 4 13 51 103 408
3 8 19 51 305 816
3 7 22 51 307 714
1 2 25 51 101 204
2 7 15 52 209 728
1 3 17 52 103 312
2 5 21 52 209 520
4 9 23 52 415 936
1 9 6 53 107 954
1 6 9 53 107 636
1 4 13 53 105 424
2 7 15 53 211 742
1 3 18 53 107 318
3 8 20 53 319 848
2 5 21 53 211 530
1 2 26 53 105 212
1 5 11 54 109 540
3 7 23 54 323 756
1 9 6 55 109 990
1 8 7 55 111 880
1 7 8 55 111 770
1 6 9 55 109 660
1 4 14 55 111 440
1 3 18 55 109 330
1 2 27 55 109 220
1 5 11 56 111 560
1 3 19 56 113 336
1 8 7 57 113 912
1 7 8 57 113 798
1 4 14 57 113 456
2 5 23 57 229 570
1 2 28 57 113 228
1 3 19 58 115 348
2 5 23 58 231 580
3 7 25 58 349 812
1 6 10 59 119 708
1 5 12 59 119 590
1 4 15 59 119 472
2 7 17 59 237 826
1 3 20 59 119 354
3 8 22 59 353 944
1 2 29 59 117 236
2 7 17 60 239 840
1 6 10 61 121 732
1 5 12 61 121 610
1 4 15 61 121 488
1 3 20 61 121 366
3 8 23 61 367 976
3 7 26 61 365 854
1 2 30 61 121 244
1 7 9 62 125 868
1 3 21 62 125 372
2 5 25 62 249 620
1 4 16 63 127 504
2 5 25 63 251 630
1 2 31 63 125 252
1 7 9 64 127 896
1 5 13 64 129 640
1 3 21 64 127 384
1 6 11 65 131 780
1 4 16 65 129 520
1 3 22 65 131 390
3 7 28 65 391 910
1 2 32 65 129 260
1 5 13 66 131 660
2 7 19 66 265 924
1 6 11 67 133 804
1 4 17 67 135 536
2 7 19 67 267 938
1 3 22 67 133 402
2 5 27 67 269 670
1 2 33 67 133 268
1 3 23 68 137 408
2 5 27 68 271 680
3 7 29 68 407 952
1 7 10 69 139 966
1 5 14 69 139 690
1 4 17 69 137 552
1 2 34 69 137 276
1 3 23 70 139 420
1 7 10 71 141 994
1 6 12 71 143 852
1 5 14 71 141 710
1 4 18 71 143 568
1 3 24 71 143 426
1 2 35 71 141 284
2 5 29 72 289 720
1 6 12 73 145 876
1 4 18 73 145 584
1 3 24 73 145 438
2 5 29 73 291 730
1 2 36 73 145 292
1 5 15 74 149 740
1 3 25 74 149 444
1 4 19 75 151 600
1 2 37 75 149 300
1 5 15 76 151 760
1 3 25 76 151 456
1 6 13 77 155 924
1 4 19 77 153 616
1 3 26 77 155 462
2 5 31 77 309 770
1 2 38 77 153 308
2 5 31 78 311 780
1 6 13 79 157 948
1 5 16 79 159 790
1 4 20 79 159 632
1 3 26 79 157 474
1 2 39 79 157 316
1 3 27 80 161 480
1 5 16 81 161 810
1 4 20 81 161 648
1 2 40 81 161 324
1 3 27 82 163 492
2 5 33 82 329 820
1 6 14 83 167 996
1 4 21 83 167 664
1 3 28 83 167 498
2 5 33 83 331 830
1 2 41 83 165 332
1 5 17 84 169 840
1 4 21 85 169 680
1 3 28 85 169 510
1 2 42 85 169 340
1 5 17 86 171 860
1 3 29 86 173 516
1 4 22 87 175 696
2 5 35 87 349 870
1 2 43 87 173 348
1 3 29 88 175 528
2 5 35 88 351 880
1 5 18 89 179 890
1 4 22 89 177 712
1 3 30 89 179 534
1 2 44 89 177 356
1 5 18 91 181 910
1 4 23 91 183 728
1 3 30 91 181 546
1 2 45 91 181 364
1 3 31 92 185 552
2 5 37 92 369 920
1 4 23 93 185 744
2 5 37 93 371 930
1 2 46 93 185 372
1 5 19 94 189 940
1 3 31 94 187 564
1 4 24 95 191 760
1 3 32 95 191 570
1 2 47 95 189 380
1 5 19 96 191 960
1 4 24 97 193 776
1 3 32 97 193 582
2 5 39 97 389 970
1 2 48 97 193 388
1 3 33 98 197 588
2 5 39 98 391 980
1 5 20 99 199 990
1 4 25 99 199 792
1 2 49 99 197 396
1 3 33 100 199 600
1 4 25 101 201 808
1 3 34 101 203 606
1 2 50 101 201 404
1 4 26 103 207 824
1 3 34 103 205 618
1 2 51 103 205 412
1 3 35 104 209 624
1 4 26 105 209 840
1 2 52 105 209 420
1 3 35 106 211 636
1 4 27 107 215 856
1 3 36 107 215 642
1 2 53 107 213 428
1 4 27 109 217 872
1 3 36 109 217 654
1 2 54 109 217 436
1 3 37 110 221 660
1 4 28 111 223 888
1 2 55 111 221 444
1 3 37 112 223 672
1 4 28 113 225 904
1 3 38 113 227 678
1 2 56 113 225 452
1 4 29 115 231 920
1 3 38 115 229 690
1 2 57 115 229 460
1 3 39 116 233 696
1 4 29 117 233 936
1 2 58 117 233 468
1 3 39 118 235 708
1 4 30 119 239 952
1 3 40 119 239 714
1 2 59 119 237 476
1 4 30 121 241 968
1 3 40 121 241 726
1 2 60 121 241 484
1 3 41 122 245 732
1 4 31 123 247 984
1 2 61 123 245 492
1 3 41 124 247 744
1 4 31 125 249 1000
1 3 42 125 251 750
1 2 62 125 249 500
1 3 42 127 253 762
1 2 63 127 253 508
1 3 43 128 257 768
1 2 64 129 257 516
1 3 43 130 259 780
1 3 44 131 263 786
1 2 65 131 261 524
1 3 44 133 265 798
1 2 66 133 265 532
1 3 45 134 269 804
1 2 67 135 269 540
1 3 45 136 271 816
1 3 46 137 275 822
1 2 68 137 273 548
1 3 46 139 277 834
1 2 69 139 277 556
1 3 47 140 281 840
1 2 70 141 281 564
1 3 47 142 283 852
1 3 48 143 287 858
1 2 71 143 285 572
1 3 48 145 289 870
1 2 72 145 289 580
1 3 49 146 293 876
1 2 73 147 293 588
1 3 49 148 295 888
1 3 50 149 299 894
1 2 74 149 297 596
1 3 50 151 301 906
1 2 75 151 301 604
1 3 51 152 305 912
1 2 76 153 305 612
1 3 51 154 307 924
1 3 52 155 311 930
1 2 77 155 309 620
1 3 52 157 313 942
1 2 78 157 313 628
1 3 53 158 317 948
1 2 79 159 317 636
1 3 53 160 319 960
1 3 54 161 323 966
1 2 80 161 321 644
1 3 54 163 325 978
1 2 81 163 325 652
1 3 55 164 329 984
1 2 82 165 329 660
1 3 55 166 331 996
1 2 83 167 333 668
1 2 84 169 337 676
1 2 85 171 341 684
1 2 86 173 345 692
1 2 87 175 349 700
1 2 88 177 353 708
1 2 89 179 357 716
1 2 90 181 361 724
1 2 91 183 365 732
1 2 92 185 369 740
1 2 93 187 373 748
1 2 94 189 377 756
1 2 95 191 381 764
1 2 96 193 385 772
1 2 97 195 389 780
1 2 98 197 393 788
1 2 99 199 397 796
1 2 100 201 401 804
1 2 101 203 405 812
1 2 102 205 409 820
1 2 103 207 413 828
1 2 104 209 417 836
1 2 105 211 421 844
1 2 106 213 425 852
1 2 107 215 429 860
1 2 108 217 433 868
1 2 109 219 437 876
1 2 110 221 441 884
1 2 111 223 445 892
1 2 112 225 449 900
1 2 113 227 453 908
1 2 114 229 457 916
1 2 115 231 461 924
1 2 116 233 465 932
1 2 117 235 469 940
1 2 118 237 473 948
1 2 119 239 477 956
1 2 120 241 481 964
1 2 121 243 485 972
1 2 122 245 489 980
1 2 123 247 493 988
1 2 124 249 497 996
