256498028702401090 5160733
5 13 10 2 1 1650390625
5 13 10 2 1 3300781250
5 13 10 2 1 6601562500
5 13 10 2 1 13203125000
5 13 10 2 1 26406250000
5 13 10 2 1 52812500000
5 13 10 2 3 4951171875
5 13 10 2 3 9902343750
5 13 10 2 3 19804687500
5 13 10 2 3 39609375000
5 13 10 2 3 79218750000
5 13 10 2 7 11552734375
5 13 10 2 7 23105468750
5 13 10 2 7 46210937500
5 13 10 2 7 92421875000
5 13 10 2 9 14853515625
5 13 10 2 9 29707031250
5 13 10 2 9 59414062500
5 13 10 2 11 18154296875
5 13 10 2 11 36308593750
5 13 10 2 11 72617187500
5 13 10 2 19 31357421875
5 13 10 2 19 62714843750
5 13 10 2 21 34658203125
5 13 10 2 21 69316406250
5 13 10 2 23 37958984375
5 13 10 2 23 75917968750
5 13 10 2 27 44560546875
5 13 10 2 27 89121093750
5 13 10 2 31 51162109375
5 13 10 2 33 54462890625
5 13 10 2 43 70966796875
5 13 10 2 47 77568359375
5 13 10 2 49 80869140625
5 13 10 2 57 94072265625
5 13 10 2 59 97373046875
5 17 10 2 1 2822265625
5 17 10 2 1 5644531250
5 17 10 2 1 11289062500
5 17 10 2 1 22578125000
5 17 10 2 1 45156250000
5 17 10 2 1 90312500000
5 17 10 2 3 8466796875
5 17 10 2 3 16933593750
5 17 10 2 3 33867187500
5 17 10 2 3 67734375000
5 17 10 2 7 19755859375
5 17 10 2 7 39511718750
5 17 10 2 7 79023437500
5 17 10 2 9 25400390625
5 17 10 2 9 50800781250
5 17 10 2 11 31044921875
5 17 10 2 11 62089843750
5 17 10 2 19 53623046875
5 17 10 2 21 59267578125
5 17 10 2 23 64912109375
5 17 10 2 27 76201171875
5 17 10 2 31 87490234375
5 17 10 2 33 93134765625
5 29 10 2 1 8212890625
5 29 10 2 1 16425781250
5 29 10 2 1 32851562500
5 29 10 2 1 65703125000
5 29 10 2 3 24638671875
5 29 10 2 3 49277343750
5 29 10 2 3 98554687500
5 29 10 2 7 57490234375
5 29 10 2 9 73916015625
5 29 10 2 11 90341796875
5 37 10 2 1 13369140625
5 37 10 2 1 26738281250
5 37 10 2 1 53476562500
5 37 10 2 3 40107421875
5 37 10 2 3 80214843750
5 37 10 2 7 93583984375
5 41 10 2 1 16416015625
5 41 10 2 1 32832031250
5 41 10 2 1 65664062500
5 41 10 2 3 49248046875
5 41 10 2 3 98496093750
5 53 10 2 1 27431640625
5 53 10 2 1 54863281250
5 53 10 2 3 82294921875
5 61 10 2 1 36337890625
5 61 10 2 1 72675781250
5 73 10 2 1 52041015625
5 89 10 2 1 77353515625
5 97 10 2 1 91884765625
5 101 10 2 1 99619140625
5 13 7 3 1 171640625
5 13 7 3 1 343281250
5 13 7 3 1 686562500
5 13 7 3 1 1373125000
5 13 7 3 1 2746250000
5 13 7 3 1 5492500000
5 13 7 3 1 10985000000
5 13 7 3 1 21970000000
5 13 7 3 1 43940000000
5 13 7 3 1 87880000000
5 13 7 3 3 514921875
5 13 7 3 3 1029843750
5 13 7 3 3 2059687500
5 13 7 3 3 4119375000
5 13 7 3 3 8238750000
5 13 7 3 3 16477500000
5 13 7 3 3 32955000000
5 13 7 3 3 65910000000
5 13 7 3 7 1201484375
5 13 7 3 7 2402968750
5 13 7 3 7 4805937500
5 13 7 3 7 9611875000
5 13 7 3 7 19223750000
5 13 7 3 7 38447500000
5 13 7 3 7 76895000000
5 13 7 3 9 1544765625
5 13 7 3 9 3089531250
5 13 7 3 9 6179062500
5 13 7 3 9 12358125000
5 13 7 3 9 24716250000
5 13 7 3 9 49432500000
5 13 7 3 9 98865000000
5 13 7 3 11 1888046875
5 13 7 3 11 3776093750
5 13 7 3 11 7552187500
5 13 7 3 11 15104375000
5 13 7 3 11 30208750000
5 13 7 3 11 60417500000
5 13 7 3 19 3261171875
5 13 7 3 19 6522343750
5 13 7 3 19 13044687500
5 13 7 3 19 26089375000
5 13 7 3 19 52178750000
5 13 7 3 21 3604453125
5 13 7 3 21 7208906250
5 13 7 3 21 14417812500
5 13 7 3 21 28835625000
5 13 7 3 21 57671250000
5 13 7 3 23 3947734375
5 13 7 3 23 7895468750
5 13 7 3 23 15790937500
5 13 7 3 23 31581875000
5 13 7 3 23 63163750000
5 13 7 3 27 4634296875
5 13 7 3 27 9268593750
5 13 7 3 27 18537187500
5 13 7 3 27 37074375000
5 13 7 3 27 74148750000
5 13 7 3 31 5320859375
5 13 7 3 31 10641718750
5 13 7 3 31 21283437500
5 13 7 3 31 42566875000
5 13 7 3 31 85133750000
5 13 7 3 33 5664140625
5 13 7 3 33 11328281250
5 13 7 3 33 22656562500
5 13 7 3 33 45313125000
5 13 7 3 33 90626250000
5 13 7 3 43 7380546875
5 13 7 3 43 14761093750
5 13 7 3 43 29522187500
5 13 7 3 43 59044375000
5 13 7 3 47 8067109375
5 13 7 3 47 16134218750
5 13 7 3 47 32268437500
5 13 7 3 47 64536875000
5 13 7 3 49 8410390625
5 13 7 3 49 16820781250
5 13 7 3 49 33641562500
5 13 7 3 49 67283125000
5 13 7 3 57 9783515625
5 13 7 3 57 19567031250
5 13 7 3 57 39134062500
5 13 7 3 57 78268125000
5 13 7 3 59 10126796875
5 13 7 3 59 20253593750
5 13 7 3 59 40507187500
5 13 7 3 59 81014375000
5 13 7 3 63 10813359375
5 13 7 3 63 21626718750
5 13 7 3 63 43253437500
5 13 7 3 63 86506875000
5 13 7 3 67 11499921875
5 13 7 3 67 22999843750
5 13 7 3 67 45999687500
5 13 7 3 67 91999375000
5 13 7 3 69 11843203125
5 13 7 3 69 23686406250
5 13 7 3 69 47372812500
5 13 7 3 69 94745625000
5 13 7 3 71 12186484375
5 13 7 3 71 24372968750
5 13 7 3 71 48745937500
5 13 7 3 71 97491875000
5 13 7 3 77 13216328125
5 13 7 3 77 26432656250
5 13 7 3 77 52865312500
5 13 7 3 79 13559609375
5 13 7 3 79 27119218750
5 13 7 3 79 54238437500
5 13 7 3 81 13902890625
5 13 7 3 81 27805781250
5 13 7 3 81 55611562500
5 13 7 3 83 14246171875
5 13 7 3 83 28492343750
5 13 7 3 83 56984687500
5 13 7 3 93 15962578125
5 13 7 3 93 31925156250
5 13 7 3 93 63850312500
5 13 7 3 99 16992421875
5 13 7 3 99 33984843750
5 13 7 3 99 67969687500
5 13 7 3 103 17678984375
5 13 7 3 103 35357968750
5 13 7 3 103 70715937500
5 13 7 3 107 18365546875
5 13 7 3 107 36731093750
5 13 7 3 107 73462187500
5 13 7 3 121 20768515625
5 13 7 3 121 41537031250
5 13 7 3 121 83074062500
5 13 7 3 127 21798359375
5 13 7 3 127 43596718750
5 13 7 3 127 87193437500
5 13 7 3 129 22141640625
5 13 7 3 129 44283281250
5 13 7 3 129 88566562500
5 13 7 3 131 22484921875
5 13 7 3 131 44969843750
5 13 7 3 131 89939687500
5 13 7 3 133 22828203125
5 13 7 3 133 45656406250
5 13 7 3 133 91312812500
5 13 7 3 139 23858046875
5 13 7 3 139 47716093750
5 13 7 3 139 95432187500
5 13 7 3 141 24201328125
5 13 7 3 141 48402656250
5 13 7 3 141 96805312500
5 13 7 3 147 25231171875
5 13 7 3 147 50462343750
5 13 7 3 151 25917734375
5 13 7 3 151 51835468750
5 13 7 3 161 27634140625
5 13 7 3 161 55268281250
5 13 7 3 163 27977421875
5 13 7 3 163 55954843750
5 13 7 3 167 28663984375
5 13 7 3 167 57327968750
5 13 7 3 171 29350546875
5 13 7 3 171 58701093750
5 13 7 3 177 30380390625
5 13 7 3 177 60760781250
5 13 7 3 179 30723671875
5 13 7 3 179 61447343750
5 13 7 3 189 32440078125
5 13 7 3 189 64880156250
5 13 7 3 191 32783359375
5 13 7 3 191 65566718750
5 13 7 3 199 34156484375
5 13 7 3 199 68312968750
5 13 7 3 201 34499765625
5 13 7 3 201 68999531250
5 13 7 3 207 35529609375
5 13 7 3 207 71059218750
5 13 7 3 209 35872890625
5 13 7 3 209 71745781250
5 13 7 3 211 36216171875
5 13 7 3 211 72432343750
5 13 7 3 213 36559453125
5 13 7 3 213 73118906250
5 13 7 3 217 37246015625
5 13 7 3 217 74492031250
5 13 7 3 223 38275859375
5 13 7 3 223 76551718750
5 13 7 3 227 38962421875
5 13 7 3 227 77924843750
5 13 7 3 237 40678828125
5 13 7 3 237 81357656250
5 13 7 3 239 41022109375
5 13 7 3 239 82044218750
5 13 7 3 243 41708671875
5 13 7 3 243 83417343750
5 13 7 3 249 42738515625
5 13 7 3 249 85477031250
5 13 7 3 251 43081796875
5 13 7 3 251 86163593750
5 13 7 3 253 43425078125
5 13 7 3 253 86850156250
5 13 7 3 263 45141484375
5 13 7 3 263 90282968750
5 13 7 3 271 46514609375
5 13 7 3 271 93029218750
5 13 7 3 279 47887734375
5 13 7 3 279 95775468750
5 13 7 3 283 48574296875
5 13 7 3 283 97148593750
5 13 7 3 297 50977265625
5 13 7 3 301 51663828125
5 13 7 3 307 52693671875
5 13 7 3 309 53036953125
5 13 7 3 311 53380234375
5 13 7 3 321 55096640625
5 13 7 3 329 56469765625
5 13 7 3 331 56813046875
5 13 7 3 341 58529453125
5 13 7 3 343 58872734375
5 13 7 3 347 59559296875
5 13 7 3 359 61618984375
5 13 7 3 361 61962265625
5 13 7 3 363 62305546875
5 13 7 3 367 62992109375
5 13 7 3 379 65051796875
5 13 7 3 381 65395078125
5 13 7 3 383 65738359375
5 13 7 3 387 66424921875
5 13 7 3 393 67454765625
5 13 7 3 413 70887578125
5 13 7 3 417 71574140625
5 13 7 3 419 71917421875
5 13 7 3 423 72603984375
5 13 7 3 431 73977109375
5 13 7 3 437 75006953125
5 13 7 3 439 75350234375
5 13 7 3 441 75693515625
5 13 7 3 443 76036796875
5 13 7 3 453 77753203125
5 13 7 3 463 79469609375
5 13 7 3 467 80156171875
5 13 7 3 469 80499453125
5 13 7 3 473 81186015625
5 13 7 3 479 82215859375
5 13 7 3 487 83588984375
5 13 7 3 489 83932265625
5 13 7 3 491 84275546875
5 13 7 3 497 85305390625
5 13 7 3 499 85648671875
5 13 7 3 501 85991953125
5 13 7 3 503 86335234375
5 13 7 3 513 88051640625
5 13 7 3 517 88738203125
5 13 7 3 523 89768046875
5 13 7 3 529 90797890625
5 13 7 3 531 91141171875
5 13 7 3 537 92171015625
5 13 7 3 539 92514296875
5 13 7 3 547 93887421875
5 13 7 3 553 94917265625
5 13 7 3 563 96633671875
5 13 7 3 567 97320234375
5 13 7 3 571 98006796875
5 13 7 3 573 98350078125
5 13 7 3 581 99723203125
5 17 7 3 1 383828125
5 17 7 3 1 767656250
5 17 7 3 1 1535312500
5 17 7 3 1 3070625000
5 17 7 3 1 6141250000
5 17 7 3 1 12282500000
5 17 7 3 1 24565000000
5 17 7 3 1 49130000000
5 17 7 3 1 98260000000
5 17 7 3 3 1151484375
5 17 7 3 3 2302968750
5 17 7 3 3 4605937500
5 17 7 3 3 9211875000
5 17 7 3 3 18423750000
5 17 7 3 3 36847500000
5 17 7 3 3 73695000000
5 17 7 3 7 2686796875
5 17 7 3 7 5373593750
5 17 7 3 7 10747187500
5 17 7 3 7 21494375000
5 17 7 3 7 42988750000
5 17 7 3 7 85977500000
5 17 7 3 9 3454453125
5 17 7 3 9 6908906250
5 17 7 3 9 13817812500
5 17 7 3 9 27635625000
5 17 7 3 9 55271250000
5 17 7 3 11 4222109375
5 17 7 3 11 8444218750
5 17 7 3 11 16888437500
5 17 7 3 11 33776875000
5 17 7 3 11 67553750000
5 17 7 3 19 7292734375
5 17 7 3 19 14585468750
5 17 7 3 19 29170937500
5 17 7 3 19 58341875000
5 17 7 3 21 8060390625
5 17 7 3 21 16120781250
5 17 7 3 21 32241562500
5 17 7 3 21 64483125000
5 17 7 3 23 8828046875
5 17 7 3 23 17656093750
5 17 7 3 23 35312187500
5 17 7 3 23 70624375000
5 17 7 3 27 10363359375
5 17 7 3 27 20726718750
5 17 7 3 27 41453437500
5 17 7 3 27 82906875000
5 17 7 3 31 11898671875
5 17 7 3 31 23797343750
5 17 7 3 31 47594687500
5 17 7 3 31 95189375000
5 17 7 3 33 12666328125
5 17 7 3 33 25332656250
5 17 7 3 33 50665312500
5 17 7 3 43 16504609375
5 17 7 3 43 33009218750
5 17 7 3 43 66018437500
5 17 7 3 47 18039921875
5 17 7 3 47 36079843750
5 17 7 3 47 72159687500
5 17 7 3 49 18807578125
5 17 7 3 49 37615156250
5 17 7 3 49 75230312500
5 17 7 3 57 21878203125
5 17 7 3 57 43756406250
5 17 7 3 57 87512812500
5 17 7 3 59 22645859375
5 17 7 3 59 45291718750
5 17 7 3 59 90583437500
5 17 7 3 63 24181171875
5 17 7 3 63 48362343750
5 17 7 3 63 96724687500
5 17 7 3 67 25716484375
5 17 7 3 67 51432968750
5 17 7 3 69 26484140625
5 17 7 3 69 52968281250
5 17 7 3 71 27251796875
5 17 7 3 71 54503593750
5 17 7 3 77 29554765625
5 17 7 3 77 59109531250
5 17 7 3 79 30322421875
5 17 7 3 79 60644843750
5 17 7 3 81 31090078125
5 17 7 3 81 62180156250
5 17 7 3 83 31857734375
5 17 7 3 83 63715468750
5 17 7 3 93 35696015625
5 17 7 3 93 71392031250
5 17 7 3 99 37998984375
5 17 7 3 99 75997968750
5 17 7 3 103 39534296875
5 17 7 3 103 79068593750
5 17 7 3 107 41069609375
5 17 7 3 107 82139218750
5 17 7 3 121 46443203125
5 17 7 3 121 92886406250
5 17 7 3 127 48746171875
5 17 7 3 127 97492343750
5 17 7 3 129 49513828125
5 17 7 3 129 99027656250
5 17 7 3 131 50281484375
5 17 7 3 133 51049140625
5 17 7 3 139 53352109375
5 17 7 3 141 54119765625
5 17 7 3 147 56422734375
5 17 7 3 151 57958046875
5 17 7 3 161 61796328125
5 17 7 3 163 62563984375
5 17 7 3 167 64099296875
5 17 7 3 171 65634609375
5 17 7 3 177 67937578125
5 17 7 3 179 68705234375
5 17 7 3 189 72543515625
5 17 7 3 191 73311171875
5 17 7 3 199 76381796875
5 17 7 3 201 77149453125
5 17 7 3 207 79452421875
5 17 7 3 209 80220078125
5 17 7 3 211 80987734375
5 17 7 3 213 81755390625
5 17 7 3 217 83290703125
5 17 7 3 223 85593671875
5 17 7 3 227 87128984375
5 17 7 3 237 90967265625
5 17 7 3 239 91734921875
5 17 7 3 243 93270234375
5 17 7 3 249 95573203125
5 17 7 3 251 96340859375
5 17 7 3 253 97108515625
5 29 7 3 1 1905390625
5 29 7 3 1 3810781250
5 29 7 3 1 7621562500
5 29 7 3 1 15243125000
5 29 7 3 1 30486250000
5 29 7 3 1 60972500000
5 29 7 3 3 5716171875
5 29 7 3 3 11432343750
5 29 7 3 3 22864687500
5 29 7 3 3 45729375000
5 29 7 3 3 91458750000
5 29 7 3 7 13337734375
5 29 7 3 7 26675468750
5 29 7 3 7 53350937500
5 29 7 3 9 17148515625
5 29 7 3 9 34297031250
5 29 7 3 9 68594062500
5 29 7 3 11 20959296875
5 29 7 3 11 41918593750
5 29 7 3 11 83837187500
5 29 7 3 19 36202421875
5 29 7 3 19 72404843750
5 29 7 3 21 40013203125
5 29 7 3 21 80026406250
5 29 7 3 23 43823984375
5 29 7 3 23 87647968750
5 29 7 3 27 51445546875
5 29 7 3 31 59067109375
5 29 7 3 33 62877890625
5 29 7 3 43 81931796875
5 29 7 3 47 89553359375
5 29 7 3 49 93364140625
5 37 7 3 1 3957265625
5 37 7 3 1 7914531250
5 37 7 3 1 15829062500
5 37 7 3 1 31658125000
5 37 7 3 1 63316250000
5 37 7 3 3 11871796875
5 37 7 3 3 23743593750
5 37 7 3 3 47487187500
5 37 7 3 3 94974375000
5 37 7 3 7 27700859375
5 37 7 3 7 55401718750
5 37 7 3 9 35615390625
5 37 7 3 9 71230781250
5 37 7 3 11 43529921875
5 37 7 3 11 87059843750
5 37 7 3 19 75188046875
5 37 7 3 21 83102578125
5 37 7 3 23 91017109375
5 41 7 3 1 5384453125
5 41 7 3 1 10768906250
5 41 7 3 1 21537812500
5 41 7 3 1 43075625000
5 41 7 3 1 86151250000
5 41 7 3 3 16153359375
5 41 7 3 3 32306718750
5 41 7 3 3 64613437500
5 41 7 3 7 37691171875
5 41 7 3 7 75382343750
5 41 7 3 9 48460078125
5 41 7 3 9 96920156250
5 41 7 3 11 59228984375
5 53 7 3 1 11631015625
5 53 7 3 1 23262031250
5 53 7 3 1 46524062500
5 53 7 3 1 93048125000
5 53 7 3 3 34893046875
5 53 7 3 3 69786093750
5 53 7 3 7 81417109375
5 61 7 3 1 17732890625
5 61 7 3 1 35465781250
5 61 7 3 1 70931562500
5 61 7 3 3 53198671875
5 73 7 3 1 30391953125
5 73 7 3 1 60783906250
5 73 7 3 3 91175859375
5 89 7 3 1 55075703125
5 97 7 3 1 71302578125
5 101 7 3 1 80492265625
13 5 7 3 1 7843564625
13 5 7 3 1 15687129250
13 5 7 3 1 31374258500
13 5 7 3 1 62748517000
13 5 7 3 3 23530693875
13 5 7 3 3 47061387750
13 5 7 3 3 94122775500
13 5 7 3 7 54904952375
13 5 7 3 9 70592081625
13 5 7 3 11 86279210875
17 5 7 3 1 51292334125
256525172931728465 5161306
