6 2
7 6
8 4
9 6
10 4
11 10
12 4
13 12
14 6
15 8
16 8
17 16
18 6
19 18
20 8
21 12
22 10
23 22
24 8
25 20
26 12
27 18
28 12
29 28
30 8
31 30
32 16
33 20
34 16
35 24
36 12
37 36
38 18
39 24
40 16
41 40
42 12
43 42
44 20
45 24
46 22
47 46
48 16
49 42
50 20
51 32
52 24
53 52
54 18
55 40
56 24
57 36
58 28
59 58
60 16
61 60
62 30
63 36
64 32
65 48
66 20
67 66
68 32
69 44
70 24
71 70
72 24
73 72
74 36
75 40
76 36
77 60
78 24
79 78
80 32
81 54
82 40
83 82
84 24
85 64
86 42
87 56
88 40
89 88
90 24
91 72
92 44
93 60
94 46
95 72
96 32
97 96
98 42
99 60
100 40
101 100
102 32
103 102
104 48
105 48
106 52
107 106
108 36
109 108
110 40
111 72
112 48
113 112
114 36
115 88
116 56
117 72
118 58
119 96
120 32
121 110
122 60
123 80
124 60
125 100
126 36
127 126
128 64
129 84
130 48
131 130
132 40
133 108
134 66
135 72
136 64
137 136
138 44
139 138
140 48
141 92
142 70
143 120
144 48
145 112
146 72
147 84
148 72
149 148
150 40
151 150
152 72
153 96
154 60
155 120
156 48
157 156
158 78
159 104
160 64
161 132
162 54
163 162
164 80
165 80
166 82
167 166
168 48
169 156
170 64
171 108
172 84
173 172
174 56
175 120
176 80
177 116
178 88
179 178
180 48
181 180
182 72
183 120
184 88
185 144
186 60
187 160
188 92
189 108
190 72
191 190
192 64
193 192
194 96
195 96
196 84
197 196
198 60
199 198
200 80
7 1
8 2
9 3
10 4
11 4
12 5
13 5
14 8
15 14
16 20
17 20
18 23
19 23
20 32
21 59
22 87
23 87
24 96
25 160
26 224
27 361
28 425
29 425
30 434
31 434
32 647
33 1198
34 1411
35 2726
36 2799
37 2799
38 3508
39 5605
40 5891
41 5891
42 5964
43 5964
44 7869
45 12230
46 16600
47 16600
48 16959
49 27954
50 30218
51 48794
52 60148
53 60148
54 61575
55 106264
56 119045
57 179607
58 223967
59 223967
60 224326
61 224326
62 313396
63 507747
64 685674
65 1354389
66 1358439
67 1358439
68 1540416
69 2404248
70 2421438
71 2421438
72 2438628
73 2438628
74 3031313
75 4468504
76 5061189
77 9898052
78 9915242
79 9915242
80 10148789
81 15399140
82 17679753
83 17679753
84 17696943
85 34708212
86 40768435
87 59569693
88 61867496
89 61867496
90 61884686
91 121330744
92 135775273
93 190032030
94 219776189
95 377667692
96 377935619
97 377935619
98 386578762
99 479490748
100 482073668
101 482073668
102 482341595
103 482341595
104 553591471
105 624841347
106 839216501
107 839216501
108 840630157
109 840630157
110 844894660
111 1470013131
112 1546941166
113 1546941166
114 1548354822
115 -1260125148
116 -742163536
117 479258238
118 1533877798
119 -1605147319
120 -1604879392
121 240313852
122 -1945146756
123 201869542
124 -1983591066
