0 3240
1 3161
2 3162
3 3163
4 3164
5 3165
6 3166
7 3167
8 3168
9 3169
10 3170
11 3171
12 3172
13 3173
14 3174
15 3175
16 3176
17 3177
18 3178
19 3179
20 3180
21 3181
22 3182
23 3183
24 3184
25 3185
26 3186
27 3187
28 3188
29 3189
30 3190
31 3191
32 3192
33 3193
34 3194
35 3195
36 3196
37 3197
38 3198
39 3199
40 3200
41 3201
42 3202
43 3203
44 3204
45 3205
46 3206
47 3207
48 3208
49 3209
50 3210
51 3131
52 3132
53 3133
54 3134
55 3135
56 3136
57 3137
58 3138
59 3139
60 3140
61 3141
62 3142
63 3143
64 3144
65 3145
66 3146
67 3147
68 3148
69 3149
70 3150
71 3151
72 3152
73 3153
74 3154
75 3155
76 3156
77 3157
78 3158
79 3159
80 3160
81 3161
82 3162
83 3163
84 3164
85 3165
86 3166
87 3167
88 3168
89 3169
90 3170
91 3171
92 3172
93 3173
94 3174
95 3175
96 3176
97 3177
98 3178
99 3179
100 3180
101 3101
102 3102
103 3103
104 3104
105 3105
106 3106
107 3107
108 3108
109 3109
110 3110
111 3111
112 3112
113 3113
114 3114
115 3115
116 3116
117 3117
118 3118
119 3119
120 3120
121 3121
122 3122
123 3123
124 3124
125 3125
126 3126
127 3127
128 3128
129 3129
130 3130
131 3131
132 3132
133 3133
134 3134
135 3135
136 3136
137 3137
138 3138
139 3139
140 3140
141 3141
142 3142
143 3143
144 3144
145 3145
146 3146
147 3147
148 3148
149 3149
150 3150
151 3071
152 3072
153 3073
154 3074
155 3075
156 3076
157 3077
158 3078
159 3079
160 3080
161 3081
162 3082
163 3083
164 3084
165 3085
166 3086
167 3087
168 3088
169 3089
170 3090
171 3091
172 3092
173 3093
174 3094
175 3095
176 3096
177 3097
178 3098
179 3099
180 3100
181 3101
182 3102
183 3103
184 3104
185 3105
186 3106
187 3107
188 3108
189 3109
190 3110
191 3111
192 3112
193 3113
194 3114
195 3115
196 3116
197 3117
198 3118
199 3119
200 3120
201 3041
202 3042
203 3043
204 3044
205 3045
206 3046
207 3047
208 3048
209 3049
210 3050
211 3051
212 3052
213 3053
214 3054
215 3055
216 3056
217 3057
218 3058
219 3059
220 3060
221 3061
222 3062
223 3063
224 3064
225 3065
226 3066
227 3067
228 3068
229 3069
230 3070
231 3071
232 3072
233 3073
234 3074
235 3075
236 3076
237 3077
238 3078
239 3079
240 3080
241 3081
242 3082
243 3083
244 3084
245 3085
246 3086
247 3087
248 3088
249 3089
250 3090
251 3011
252 3012
253 3013
254 3014
255 3015
256 3016
257 3017
258 3018
259 3019
260 3020
261 3021
262 3022
263 3023
264 3024
265 3025
266 3026
267 3027
268 3028
269 3029
270 3030
271 3031
272 3032
273 3033
274 3034
275 3035
276 3036
277 3037
278 3038
279 3039
280 3040
281 3041
282 3042
283 3043
284 3044
285 3045
286 3046
287 3047
288 3048
289 3049
290 3050
291 3051
292 3052
293 3053
294 3054
295 3055
296 3056
297 3057
298 3058
299 3059
300 3060
301 2981
302 2982
303 2983
304 2984
305 2985
306 2986
307 2987
308 2988
309 2989
310 2990
311 2991
312 2992
313 2993
314 2994
315 2995
316 2996
317 2997
318 2998
319 2999
320 3000
321 3001
322 3002
323 3003
324 3004
325 3005
326 3006
327 3007
328 3008
329 3009
330 3010
331 3011
332 3012
333 3013
334 3014
335 3015
336 3016
337 3017
338 3018
339 3019
340 3020
341 3021
342 3022
343 3023
344 3024
345 3025
346 3026
347 3027
348 3028
349 3029
350 3030
351 2951
352 2952
353 2953
354 2954
355 2955
356 2956
357 2957
358 2958
359 2959
360 2960
361 2961
362 2962
363 2963
364 2964
365 2965
366 2966
367 2967
368 2968
369 2969
370 2970
371 2971
372 2972
373 2973
374 2974
375 2975
376 2976
377 2977
378 2978
379 2979
380 2980
381 2981
382 2982
383 2983
384 2984
385 2985
386 2986
387 2987
388 2988
389 2989
390 2990
391 2991
392 2992
393 2993
394 2994
395 2995
396 2996
397 2997
398 2998
399 2999
400 3000
401 2921
402 2922
403 2923
404 2924
405 2925
406 2926
407 2927
408 2928
409 2929
410 2930
411 2931
412 2932
413 2933
414 2934
415 2935
416 2936
417 2937
418 2938
419 2939
420 2940
421 2941
422 2942
423 2943
424 2944
425 2945
426 2946
427 2947
428 2948
429 2949
430 2950
431 2951
432 2952
433 2953
434 2954
435 2955
436 2956
437 2957
438 2958
439 2959
440 2960
441 2961
442 2962
443 2963
444 2964
445 2965
446 2966
447 2967
448 2968
449 2969
450 2970
451 2891
452 2892
453 2893
454 2894
455 2895
456 2896
457 2897
458 2898
459 2899
460 2900
461 2901
462 2902
463 2903
464 2904
465 2905
466 2906
467 2907
468 2908
469 2909
470 2910
471 2911
472 2912
473 2913
474 2914
475 2915
476 2916
477 2917
478 2918
479 2919
480 2920
481 2921
482 2922
483 2923
484 2924
485 2925
486 2926
487 2927
488 2928
489 2929
490 2930
491 2931
492 2932
493 2933
494 2934
495 2935
496 2936
497 2937
498 2938
499 2939
500 2940
501 2861
502 2862
503 2863
504 2864
505 2865
506 2866
507 2867
508 2868
509 2869
510 2870
511 2871
512 2872
513 2873
514 2874
515 2875
516 2876
517 2877
518 2878
519 2879
520 2880
521 2881
522 2882
523 2883
524 2884
525 2885
526 2886
527 2887
528 2888
529 2889
530 2890
531 2891
532 2892
533 2893
534 2894
535 2895
536 2896
537 2897
538 2898
539 2899
540 2900
541 2901
542 2902
543 2903
544 2904
545 2905
546 2906
547 2907
548 2908
549 2909
550 2910
551 2831
552 2832
553 2833
554 2834
555 2835
556 2836
557 2837
558 2838
559 2839
560 2840
561 2841
562 2842
563 2843
564 2844
565 2845
566 2846
567 2847
568 2848
569 2849
570 2850
571 2851
572 2852
573 2853
574 2854
575 2855
576 2856
577 2857
578 2858
579 2859
580 2860
581 2861
582 2862
583 2863
584 2864
585 2865
586 2866
587 2867
588 2868
589 2869
590 2870
591 2871
592 2872
593 2873
594 2874
595 2875
596 2876
597 2877
598 2878
599 2879
600 2880
601 2801
602 2802
603 2803
604 2804
605 2805
606 2806
607 2807
608 2808
609 2809
610 2810
611 2811
612 2812
613 2813
614 2814
615 2815
616 2816
617 2817
618 2818
619 2819
620 2820
621 2821
622 2822
623 2823
624 2824
625 2825
626 2826
627 2827
628 2828
629 2829
630 2830
631 2831
632 2832
633 2833
634 2834
635 2835
636 2836
637 2837
638 2838
639 2839
640 2840
641 2841
642 2842
643 2843
644 2844
645 2845
646 2846
647 2847
648 2848
649 2849
650 2850
651 2771
652 2772
653 2773
654 2774
655 2775
656 2776
657 2777
658 2778
659 2779
660 2780
661 2781
662 2782
663 2783
664 2784
665 2785
666 2786
667 2787
668 2788
669 2789
670 2790
671 2791
672 2792
673 2793
674 2794
675 2795
676 2796
677 2797
678 2798
679 2799
680 2800
681 2801
682 2802
683 2803
684 2804
685 2805
686 2806
687 2807
688 2808
689 2809
690 2810
691 2811
692 2812
693 2813
694 2814
695 2815
696 2816
697 2817
698 2818
699 2819
700 2820
701 2741
702 2742
703 2743
704 2744
705 2745
706 2746
707 2747
708 2748
709 2749
710 2750
711 2751
712 2752
713 2753
714 2754
715 2755
716 2756
717 2757
718 2758
719 2759
720 2760
721 2761
722 2762
723 2763
724 2764
725 2765
726 2766
727 2767
728 2768
729 2769
730 2770
731 2771
732 2772
733 2773
734 2774
735 2775
736 2776
737 2777
738 2778
739 2779
740 2780
741 2781
742 2782
743 2783
744 2784
745 2785
746 2786
747 2787
748 2788
749 2789
750 2790
751 2711
752 2712
753 2713
754 2714
755 2715
756 2716
757 2717
758 2718
759 2719
760 2720
761 2721
762 2722
763 2723
764 2724
765 2725
766 2726
767 2727
768 2728
769 2729
770 2730
771 2731
772 2732
773 2733
774 2734
775 2735
776 2736
777 2737
778 2738
779 2739
780 2740
781 2741
782 2742
783 2743
784 2744
785 2745
786 2746
787 2747
788 2748
789 2749
790 2750
791 2751
792 2752
793 2753
794 2754
795 2755
796 2756
797 2757
798 2758
799 2759
800 2760
801 2681
802 2682
803 2683
804 2684
805 2685
806 2686
807 2687
808 2688
809 2689
810 2690
811 2691
812 2692
813 2693
814 2694
815 2695
816 2696
817 2697
818 2698
819 2699
820 2700
821 2701
822 2702
823 2703
824 2704
825 2705
826 2706
827 2707
828 2708
829 2709
830 2710
831 2711
832 2712
833 2713
834 2714
835 2715
836 2716
837 2717
838 2718
839 2719
840 2720
841 2721
842 2722
843 2723
844 2724
845 2725
846 2726
847 2727
848 2728
849 2729
850 2730
851 2651
852 2652
853 2653
854 2654
855 2655
856 2656
857 2657
858 2658
859 2659
860 2660
861 2661
862 2662
863 2663
864 2664
865 2665
866 2666
867 2667
868 2668
869 2669
870 2670
871 2671
872 2672
873 2673
874 2674
875 2675
876 2676
877 2677
878 2678
879 2679
880 2680
881 2681
882 2682
883 2683
884 2684
885 2685
886 2686
887 2687
888 2688
889 2689
890 2690
891 2691
892 2692
893 2693
894 2694
895 2695
896 2696
897 2697
898 2698
899 2699
900 2700
901 2621
902 2622
903 2623
904 2624
905 2625
906 2626
907 2627
908 2628
909 2629
910 2630
911 2631
912 2632
913 2633
914 2634
915 2635
916 2636
917 2637
918 2638
919 2639
920 2640
921 2641
922 2642
923 2643
924 2644
925 2645
926 2646
927 2647
928 2648
929 2649
930 2650
931 2651
932 2652
933 2653
934 2654
935 2655
936 2656
937 2657
938 2658
939 2659
940 2660
941 2661
942 2662
943 2663
944 2664
945 2665
946 2666
947 2667
948 2668
949 2669
950 2670
951 2591
952 2592
953 2593
954 2594
955 2595
956 2596
957 2597
958 2598
959 2599
960 2600
961 2601
962 2602
963 2603
964 2604
965 2605
966 2606
967 2607
968 2608
969 2609
970 2610
971 2611
972 2612
973 2613
974 2614
975 2615
976 2616
977 2617
978 2618
979 2619
980 2620
981 2621
982 2622
983 2623
984 2624
985 2625
986 2626
987 2627
988 2628
989 2629
990 2630
991 2631
992 2632
993 2633
994 2634
995 2635
996 2636
997 2637
998 2638
999 2639
1000 2640
1001 2561
1002 2562
1003 2563
1004 2564
1005 2565
1006 2566
1007 2567
1008 2568
1009 2569
1010 2570
1011 2571
1012 2572
1013 2573
1014 2574
1015 2575
1016 2576
1017 2577
1018 2578
1019 2579
1020 2580
1021 2581
1022 2582
1023 2583
1024 2584
1025 2585
1026 2586
1027 2587
1028 2588
1029 2589
1030 2590
1031 2591
1032 2592
1033 2593
1034 2594
1035 2595
1036 2596
1037 2597
1038 2598
1039 2599
1040 2600
1041 2601
1042 2602
1043 2603
1044 2604
1045 2605
1046 2606
1047 2607
1048 2608
1049 2609
1050 2610
1051 2531
1052 2532
1053 2533
1054 2534
1055 2535
1056 2536
1057 2537
1058 2538
1059 2539
1060 2540
1061 2541
1062 2542
1063 2543
1064 2544
1065 2545
1066 2546
1067 2547
1068 2548
1069 2549
1070 2550
1071 2551
1072 2552
1073 2553
1074 2554
1075 2555
1076 2556
1077 2557
1078 2558
1079 2559
1080 2560
1081 2561
1082 2562
1083 2563
1084 2564
1085 2565
1086 2566
1087 2567
1088 2568
1089 2569
1090 2570
1091 2571
1092 2572
1093 2573
1094 2574
1095 2575
1096 2576
1097 2577
1098 2578
1099 2579
1100 2580
1101 2501
1102 2502
1103 2503
1104 2504
1105 2505
1106 2506
1107 2507
1108 2508
1109 2509
1110 2510
1111 2511
1112 2512
1113 2513
1114 2514
1115 2515
1116 2516
1117 2517
1118 2518
1119 2519
1120 2520
1121 2521
1122 2522
1123 2523
1124 2524
1125 2525
1126 2526
1127 2527
1128 2528
1129 2529
1130 2530
1131 2531
1132 2532
1133 2533
1134 2534
1135 2535
1136 2536
1137 2537
1138 2538
1139 2539
1140 2540
1141 2541
1142 2542
1143 2543
1144 2544
1145 2545
1146 2546
1147 2547
1148 2548
1149 2549
1150 2550
1151 2471
1152 2472
1153 2473
1154 2474
1155 2475
1156 2476
1157 2477
1158 2478
1159 2479
1160 2480
1161 2481
1162 2482
1163 2483
1164 2484
1165 2485
1166 2486
1167 2487
1168 2488
1169 2489
1170 2490
1171 2491
1172 2492
1173 2493
1174 2494
1175 2495
1176 2496
1177 2497
1178 2498
1179 2499
1180 2500
1181 2501
1182 2502
1183 2503
1184 2504
1185 2505
1186 2506
1187 2507
1188 2508
1189 2509
1190 2510
1191 2511
1192 2512
1193 2513
1194 2514
1195 2515
1196 2516
1197 2517
1198 2518
1199 2519
1200 2520
1201 2441
1202 2442
1203 2443
1204 2444
1205 2445
1206 2446
1207 2447
1208 2448
1209 2449
1210 2450
1211 2451
1212 2452
1213 2453
1214 2454
1215 2455
1216 2456
1217 2457
1218 2458
1219 2459
1220 2460
1221 2461
1222 2462
1223 2463
1224 2464
1225 2465
1226 2466
1227 2467
1228 2468
1229 2469
1230 2470
1231 2471
1232 2472
1233 2473
1234 2474
1235 2475
1236 2476
1237 2477
1238 2478
1239 2479
1240 2480
1241 2481
1242 2482
1243 2483
1244 2484
1245 2485
1246 2486
1247 2487
1248 2488
1249 2489
1250 2490
1251 2411
1252 2412
1253 2413
1254 2414
1255 2415
1256 2416
1257 2417
1258 2418
1259 2419
1260 2420
1261 2421
1262 2422
1263 2423
1264 2424
1265 2425
1266 2426
1267 2427
1268 2428
1269 2429
1270 2430
1271 2431
1272 2432
1273 2433
1274 2434
1275 2435
1276 2436
1277 2437
1278 2438
1279 2439
1280 2440
1281 2441
1282 2442
1283 2443
1284 2444
1285 2445
1286 2446
1287 2447
1288 2448
1289 2449
1290 2450
1291 2451
1292 2452
1293 2453
1294 2454
1295 2455
1296 2456
1297 2457
1298 2458
1299 2459
1300 2460
1301 2381
1302 2382
1303 2383
1304 2384
1305 2385
1306 2386
1307 2387
1308 2388
1309 2389
1310 2390
1311 2391
1312 2392
1313 2393
1314 2394
1315 2395
1316 2396
1317 2397
1318 2398
1319 2399
1320 2400
1321 2401
1322 2402
1323 2403
1324 2404
1325 2405
1326 2406
1327 2407
1328 2408
1329 2409
1330 2410
1331 2411
1332 2412
1333 2413
1334 2414
1335 2415
1336 2416
1337 2417
1338 2418
1339 2419
1340 2420
1341 2421
1342 2422
1343 2423
1344 2424
1345 2425
1346 2426
1347 2427
1348 2428
1349 2429
1350 2430
1351 2351
1352 2352
1353 2353
1354 2354
1355 2355
1356 2356
1357 2357
1358 2358
1359 2359
1360 2360
1361 2361
1362 2362
1363 2363
1364 2364
1365 2365
1366 2366
1367 2367
1368 2368
1369 2369
1370 2370
1371 2371
1372 2372
1373 2373
1374 2374
1375 2375
1376 2376
1377 2377
1378 2378
1379 2379
1380 2380
1381 2381
1382 2382
1383 2383
1384 2384
1385 2385
1386 2386
1387 2387
1388 2388
1389 2389
1390 2390
1391 2391
1392 2392
1393 2393
1394 2394
1395 2395
1396 2396
1397 2397
1398 2398
1399 2399
1400 2400
1401 2321
1402 2322
1403 2323
1404 2324
1405 2325
1406 2326
1407 2327
1408 2328
1409 2329
1410 2330
1411 2331
1412 2332
1413 2333
1414 2334
1415 2335
1416 2336
1417 2337
1418 2338
1419 2339
1420 2340
1421 2341
1422 2342
1423 2343
1424 2344
1425 2345
1426 2346
1427 2347
1428 2348
1429 2349
1430 2350
1431 2351
1432 2352
1433 2353
1434 2354
1435 2355
1436 2356
1437 2357
1438 2358
1439 2359
1440 2360
1441 2361
1442 2362
1443 2363
1444 2364
1445 2365
1446 2366
1447 2367
1448 2368
1449 2369
1450 2370
1451 2291
1452 2292
1453 2293
1454 2294
1455 2295
1456 2296
1457 2297
1458 2298
1459 2299
1460 2300
1461 2301
1462 2302
1463 2303
1464 2304
1465 2305
1466 2306
1467 2307
1468 2308
1469 2309
1470 2310
1471 2311
1472 2312
1473 2313
1474 2314
1475 2315
1476 2316
1477 2317
1478 2318
1479 2319
1480 2320
1481 2321
1482 2322
1483 2323
1484 2324
1485 2325
1486 2326
1487 2327
1488 2328
1489 2329
1490 2330
1491 2331
1492 2332
1493 2333
1494 2334
1495 2335
1496 2336
1497 2337
1498 2338
1499 2339
1500 2340
1501 2261
1502 2262
1503 2263
1504 2264
1505 2265
1506 2266
1507 2267
1508 2268
1509 2269
1510 2270
1511 2271
1512 2272
1513 2273
1514 2274
1515 2275
1516 2276
1517 2277
1518 2278
1519 2279
1520 2280
1521 2281
1522 2282
1523 2283
1524 2284
1525 2285
1526 2286
1527 2287
1528 2288
1529 2289
1530 2290
1531 2291
1532 2292
1533 2293
1534 2294
1535 2295
1536 2296
1537 2297
1538 2298
1539 2299
1540 2300
1541 2301
1542 2302
1543 2303
1544 2304
1545 2305
1546 2306
1547 2307
1548 2308
1549 2309
1550 2310
1551 2231
1552 2232
1553 2233
1554 2234
1555 2235
1556 2236
1557 2237
1558 2238
1559 2239
1560 2240
1561 2241
1562 2242
1563 2243
1564 2244
1565 2245
1566 2246
1567 2247
1568 2248
1569 2249
1570 2250
1571 2251
1572 2252
1573 2253
1574 2254
1575 2255
1576 2256
1577 2257
1578 2258
1579 2259
1580 2260
1581 2261
1582 2262
1583 2263
1584 2264
1585 2265
1586 2266
1587 2267
1588 2268
1589 2269
1590 2270
1591 2271
1592 2272
1593 2273
1594 2274
1595 2275
1596 2276
1597 2277
1598 2278
1599 2279
1600 2280
1601 2201
1602 2202
1603 2203
1604 2204
1605 2205
1606 2206
1607 2207
1608 2208
1609 2209
1610 2210
1611 2211
1612 2212
1613 2213
1614 2214
1615 2215
1616 2216
1617 2217
1618 2218
1619 2219
1620 2220
1621 2221
1622 2222
1623 2223
1624 2224
1625 2225
1626 2226
1627 2227
1628 2228
1629 2229
1630 2230
1631 2231
1632 2232
1633 2233
1634 2234
1635 2235
1636 2236
1637 2237
1638 2238
1639 2239
1640 2240
1641 2241
1642 2242
1643 2243
1644 2244
1645 2245
1646 2246
1647 2247
1648 2248
1649 2249
1650 2250
1651 2171
1652 2172
1653 2173
1654 2174
1655 2175
1656 2176
1657 2177
1658 2178
1659 2179
1660 2180
1661 2181
1662 2182
1663 2183
1664 2184
1665 2185
1666 2186
1667 2187
1668 2188
1669 2189
1670 2190
1671 2191
1672 2192
1673 2193
1674 2194
1675 2195
1676 2196
1677 2197
1678 2198
1679 2199
1680 2200
1681 2201
1682 2202
1683 2203
1684 2204
1685 2205
1686 2206
1687 2207
1688 2208
1689 2209
1690 2210
1691 2211
1692 2212
1693 2213
1694 2214
1695 2215
1696 2216
1697 2217
1698 2218
1699 2219
1700 2220
1701 2141
1702 2142
1703 2143
1704 2144
1705 2145
1706 2146
1707 2147
1708 2148
1709 2149
1710 2150
1711 2151
1712 2152
1713 2153
1714 2154
1715 2155
1716 2156
1717 2157
1718 2158
1719 2159
1720 2160
1721 2161
1722 2162
1723 2163
1724 2164
1725 2165
1726 2166
1727 2167
1728 2168
1729 2169
1730 2170
1731 2171
1732 2172
1733 2173
1734 2174
1735 2175
1736 2176
1737 2177
1738 2178
1739 2179
1740 2180
1741 2181
1742 2182
1743 2183
1744 2184
1745 2185
1746 2186
1747 2187
1748 2188
1749 2189
1750 2190
1751 2111
1752 2112
1753 2113
1754 2114
1755 2115
1756 2116
1757 2117
1758 2118
1759 2119
1760 2120
1761 2121
1762 2122
1763 2123
1764 2124
1765 2125
1766 2126
1767 2127
1768 2128
1769 2129
1770 2130
1771 2131
1772 2132
1773 2133
1774 2134
1775 2135
1776 2136
1777 2137
1778 2138
1779 2139
1780 2140
1781 2141
1782 2142
1783 2143
1784 2144
1785 2145
1786 2146
1787 2147
1788 2148
1789 2149
1790 2150
1791 2151
1792 2152
1793 2153
1794 2154
1795 2155
1796 2156
1797 2157
1798 2158
1799 2159
1800 2160
1801 2081
1802 2082
1803 2083
1804 2084
1805 2085
1806 2086
1807 2087
1808 2088
1809 2089
1810 2090
1811 2091
1812 2092
1813 2093
1814 2094
1815 2095
1816 2096
1817 2097
1818 2098
1819 2099
1820 2100
1821 2101
1822 2102
1823 2103
1824 2104
1825 2105
1826 2106
1827 2107
1828 2108
1829 2109
1830 2110
1831 2111
1832 2112
1833 2113
1834 2114
1835 2115
1836 2116
1837 2117
1838 2118
1839 2119
1840 2120
1841 2121
1842 2122
1843 2123
1844 2124
1845 2125
1846 2126
1847 2127
1848 2128
1849 2129
1850 2130
1851 2051
1852 2052
1853 2053
1854 2054
1855 2055
1856 2056
1857 2057
1858 2058
1859 2059
1860 2060
1861 2061
1862 2062
1863 2063
1864 2064
1865 2065
1866 2066
1867 2067
1868 2068
1869 2069
1870 2070
1871 2071
1872 2072
1873 2073
1874 2074
1875 2075
1876 2076
1877 2077
1878 2078
1879 2079
1880 2080
1881 2081
1882 2082
1883 2083
1884 2084
1885 2085
1886 2086
1887 2087
1888 2088
1889 2089
1890 2090
1891 2091
1892 2092
1893 2093
1894 2094
1895 2095
1896 2096
1897 2097
1898 2098
1899 2099
1900 2100
1901 2021
1902 2022
1903 2023
1904 2024
1905 2025
1906 2026
1907 2027
1908 2028
1909 2029
1910 2030
1911 2031
1912 2032
1913 2033
1914 2034
1915 2035
1916 2036
1917 2037
1918 2038
1919 2039
1920 2040
1921 2041
1922 2042
1923 2043
1924 2044
1925 2045
1926 2046
1927 2047
1928 2048
1929 2049
1930 2050
1931 2051
1932 2052
1933 2053
1934 2054
1935 2055
1936 2056
1937 2057
1938 2058
1939 2059
1940 2060
1941 2061
1942 2062
1943 2063
1944 2064
1945 2065
1946 2066
1947 2067
1948 2068
1949 2069
1950 2070
1951 1991
1952 1992
1953 1993
1954 1994
1955 1995
1956 1996
1957 1997
1958 1998
1959 1999
1960 2000
1961 2001
1962 2002
1963 2003
1964 2004
1965 2005
1966 2006
1967 2007
1968 2008
1969 2009
1970 2010
1971 2011
1972 2012
1973 2013
1974 2014
1975 2015
1976 2016
1977 2017
1978 2018
1979 2019
1980 2020
1981 2021
1982 2022
1983 2023
1984 2024
1985 2025
1986 2026
1987 2027
1988 2028
1989 2029
1990 2030
1991 2031
1992 2032
1993 2033
1994 2034
1995 2035
1996 2036
1997 2037
1998 2038
1999 2039
2000 2040
sum = 5204240
