vg max is 100000007919 size 7554626
vgg max is 1006161377 size 477
1 1
2 4
3 9
4 16
5 24
6 33
7 44
8 57
9 71
10 86
11 102
12 120
13 140
14 160
15 182
16 205
17 230
18 255
19 282
20 310
21 340
22 370
23 402
24 435
25 469
26 505
27 541
28 579
29 618
30 658
31 699
32 742
33 785
34 830
35 876
36 923
37 971
38 1020
39 1070
40 1122
41 1174
42 1228
43 1283
44 1339
45 1396
46 1454
47 1513
48 1573
49 1635
50 1697
51 1760
52 1825
53 1891
54 1957
55 2025
56 2094
57 2164
58 2235
59 2307
60 2380
61 2454
62 2529
63 2605
64 2682
65 2761
66 2840
67 2920
68 3001
69 3084
70 3167
71 3252
72 3337
73 3424
74 3511
75 3600
76 3689
77 3780
78 3871
79 3964
80 4057
81 4152
82 4247
83 4344
84 4441
85 4540
86 4639
87 4740
88 4842
89 4944
90 5048
91 5152
92 5258
93 5364
94 5471
95 5580
96 5689
97 5800
98 5911
99 6023
100 6137
101 6251
102 6366
103 6483
104 6600
105 6718
106 6837
107 6957
108 7078
109 7200
110 7323
111 7447
112 7572
113 7698
114 7825
115 7952
116 8081
117 8211
118 8341
119 8473
120 8605
121 8739
122 8873
123 9009
124 9145
125 9282
126 9420
127 9559
128 9700
129 9841
130 9982
131 10125
132 10269
133 10414
134 10560
135 10706
136 10854
137 11002
138 11151
139 11302
140 11453
141 11605
142 11758
143 11912
144 12067
145 12223
146 12380
147 12538
148 12696
149 12856
150 13016
151 13178
152 13340
153 13503
154 13667
155 13832
156 13998
157 14165
158 14333
159 14501
160 14671
161 14842
162 15013
163 15185
164 15358
165 15533
166 15708
167 15884
168 16060
169 16238
170 16417
171 16596
172 16777
173 16958
174 17140
175 17323
176 17507
177 17692
178 17878
179 18065
180 18252
181 18441
182 18630
183 18821
184 19012
185 19204
186 19397
187 19591
188 19785
189 19981
190 20178
191 20375
192 20573
193 20772
194 20972
195 21173
196 21375
197 21578
198 21781
199 21986
200 22191
201 22397
202 22604
203 22812
204 23021
205 23231
206 23442
207 23653
208 23865
209 24079
210 24293
211 24508
212 24723
213 24940
214 25158
215 25376
216 25596
217 25816
218 26037
219 26259
220 26482
221 26705
222 26930
223 27155
224 27381
225 27608
226 27836
227 28065
228 28295
229 28526
230 28757
231 28989
232 29222
233 29456
234 29691
235 29927
236 30164
237 30401
238 30639
239 30879
240 31119
241 31359
242 31601
243 31844
244 32087
245 32332
246 32577
247 32823
248 33070
249 33317
250 33566
251 33815
252 34065
253 34317
254 34568
255 34821
256 35075
257 35329
258 35585
259 35841
260 36098
261 36356
262 36615
263 36874
264 37135
265 37396
266 37658
267 37921
268 38185
269 38449
270 38715
271 38981
272 39248
273 39516
274 39785
275 40055
276 40325
277 40597
278 40869
279 41142
280 41416
281 41691
282 41966
283 42242
284 42520
285 42798
286 43077
287 43356
288 43637
289 43918
290 44200
291 44484
292 44767
293 45052
294 45338
295 45624
296 45911
297 46199
298 46488
299 46778
300 47068
301 47360
302 47652
303 47945
304 48239
305 48533
306 48829
307 49125
308 49422
309 49720
310 50019
311 50319
312 50619
313 50920
314 51223
315 51525
316 51829
317 52134
318 52439
319 52745
320 53052
321 53360
322 53669
323 53978
324 54289
325 54600
326 54912
327 55224
328 55538
329 55852
330 56168
331 56484
332 56800
333 57118
334 57437
335 57756
336 58076
337 58397
338 58719
339 59041
340 59365
341 59689
342 60014
343 60339
344 60666
345 60994
346 61322
347 61651
348 61981
349 62311
350 62643
351 62975
352 63308
353 63642
354 63977
355 64312
356 64649
357 64986
358 65324
359 65663
360 66002
361 66342
362 66684
363 67026
364 67368
365 67712
366 68056
367 68402
368 68748
369 69094
370 69442
371 69790
372 70140
373 70490
374 70840
375 71192
376 71544
377 71898
378 72252
379 72607
380 72962
381 73319
382 73676
383 74034
384 74393
385 74752
386 75113
387 75474
388 75836
389 76199
390 76562
391 76927
392 77292
393 77658
394 78025
395 78392
396 78761
397 79130
398 79500
399 79871
400 80242
401 80615
402 80988
403 81362
404 81736
405 82112
406 82488
407 82865
408 83243
409 83622
410 84002
411 84382
412 84763
413 85145
414 85527
415 85911
416 86295
417 86680
418 87066
419 87453
420 87840
421 88228
422 88617
423 89007
424 89397
425 89789
426 90181
427 90574
428 90967
429 91362
430 91757
431 92153
432 92550
433 92948
434 93346
435 93745
436 94145
437 94546
438 94948
439 95350
440 95753
441 96157
442 96562
443 96967
444 97373
445 97780
446 98188
447 98597
448 99006
449 99416
450 99827
451 100239
452 100651
453 101065
454 101479
455 101894
456 102309
457 102726
458 103143
459 103561
460 103979
461 104399
462 104819
463 105240
464 105662
465 106085
466 106508
467 106932
468 107357
469 107783
470 108209
471 108637
472 109065
473 109494
474 109923
475 110353
476 110785
477 111217
478 111649
479 112083
480 112517
481 112952
482 113388
483 113824
484 114262
485 114700
486 115139
487 115578
488 116019
489 116460
490 116902
491 117345
492 117788
493 118232
494 118677
495 119123
496 119570
497 120017
498 120465
499 120914
500 121364
501 121814
502 122265
503 122717
504 123170
505 123624
506 124078
507 124533
508 124989
509 125445
510 125903
511 126361
512 126820
513 127279
514 127740
515 128201
516 128663
517 129125
518 129589
519 130053
520 130518
521 130984
522 131450
523 131918
524 132386
525 132855
526 133324
527 133794
528 134266
529 134737
530 135210
531 135683
532 136158
533 136632
534 137108
535 137585
536 138062
537 138540
538 139018
539 139498
540 139978
541 140459
542 140941
543 141423
544 141907
545 142391
546 142876
547 143361
548 143847
549 144334
550 144822
551 145311
552 145800
553 146290
554 146781
555 147273
556 147765
557 148258
558 148752
559 149247
560 149742
561 150238
562 150735
563 151233
564 151731
565 152230
566 152730
567 153231
568 153732
569 154235
570 154738
571 155241
572 155746
573 156251
574 156757
575 157264
576 157771
577 158279
578 158788
579 159298
580 159808
581 160320
582 160832
583 161344
584 161858
585 162372
586 162887
587 163403
588 163919
589 164437
590 164955
591 165473
592 165993
593 166513
594 167034
595 167556
596 168078
597 168601
598 169125
599 169650
600 170176
601 170702
602 171229
603 171757
604 172285
605 172814
606 173344
607 173875
608 174406
609 174939
610 175472
611 176005
612 176540
613 177075
614 177611
615 178148
616 178685
617 179223
618 179762
619 180302
620 180842
621 181383
622 181925
623 182468
624 183011
625 183555
626 184100
627 184646
628 185192
629 185739
630 186287
631 186836
632 187385
633 187935
634 188486
635 189038
636 189590
637 190143
638 190697
639 191251
640 191807
641 192363
642 192919
643 193477
644 194035
645 194594
646 195154
647 195714
648 196276
649 196838
650 197400
651 197964
652 198528
653 199093
654 199658
655 200225
656 200792
657 201360
658 201928
659 202498
660 203068
661 203639
662 204210
663 204782
664 205355
665 205929
666 206504
667 207079
668 207655
669 208232
670 208809
671 209387
672 209966
673 210546
674 211126
675 211707
676 212289
677 212872
678 213455
679 214039
680 214624
681 215210
682 215796
683 216383
684 216971
685 217559
686 218148
687 218738
688 219329
689 219920
690 220512
691 221105
692 221699
693 222293
694 222888
695 223484
696 224081
697 224678
698 225276
699 225875
700 226474
701 227074
702 227675
703 228277
704 228879
705 229483
706 230086
707 230691
708 231296
709 231902
710 232509
711 233117
712 233725
713 234334
714 234944
715 235554
716 236165
717 236777
718 237390
719 238003
720 238617
721 239232
722 239848
723 240464
724 241081
725 241699
726 242317
727 242936
728 243556
729 244177
730 244798
731 245420
732 246043
733 246667
734 247291
735 247916
736 248542
737 249168
738 249795
739 250423
740 251052
741 251681
742 252311
743 252942
744 253574
745 254206
746 254839
747 255473
748 256107
749 256742
750 257378
751 258015
752 258652
753 259290
754 259929
755 260568
756 261209
757 261849
758 262491
759 263134
760 263777
761 264421
762 265065
763 265710
764 266356
765 267003
766 267651
767 268299
768 268948
769 269597
770 270248
771 270899
772 271551
773 272203
774 272856
775 273510
776 274165
777 274820
778 275476
779 276133
780 276791
781 277449
782 278108
783 278768
784 279428
785 280090
786 280751
787 281414
788 282077
789 282741
790 283406
791 284072
792 284738
793 285405
794 286072
795 286741
796 287410
797 288080
798 288750
799 289421
800 290093
801 290766
802 291439
803 292113
804 292788
805 293464
806 294140
807 294817
808 295495
809 296173
810 296852
811 297532
812 298213
813 298894
814 299576
815 300258
816 300942
817 301626
818 302311
819 302996
820 303683
821 304370
822 305057
823 305746
824 306435
825 307125
826 307815
827 308507
828 309199
829 309891
830 310585
831 311279
832 311974
833 312669
834 313366
835 314063
836 314760
837 315459
838 316158
839 316858
840 317558
841 318259
842 318961
843 319664
844 320368
845 321072
846 321776
847 322482
848 323188
849 323895
850 324603
851 325311
852 326020
853 326730
854 327441
855 328152
856 328864
857 329576
858 330290
859 331004
860 331719
861 332434
862 333150
863 333867
864 334585
865 335303
866 336022
867 336742
868 337462
869 338184
870 338906
871 339628
872 340351
873 341075
874 341800
875 342526
876 343252
877 343979
878 344706
879 345434
880 346163
881 346893
882 347623
883 348354
884 349086
885 349819
886 350552
887 351286
888 352020
889 352756
890 353492
891 354229
892 354966
893 355704
894 356443
895 357183
896 357923
897 358664
898 359405
899 360148
900 360891
901 361635
902 362379
903 363124
904 363870
905 364617
906 365364
907 366112
908 366861
909 367611
910 368361
911 369112
912 369863
913 370615
914 371368
915 372122
916 372876
917 373631
918 374387
919 375144
920 375901
921 376659
922 377417
923 378177
924 378937
925 379697
926 380459
927 381221
928 381984
929 382747
930 383511
931 384276
932 385042
933 385808
934 386575
935 387343
936 388111
937 388880
938 389650
939 390421
940 391192
941 391964
942 392736
943 393510
944 394284
945 395059
946 395834
947 396610
948 397387
949 398164
950 398943
951 399722
952 400501
953 401282
954 402063
955 402844
956 403627
957 404410
958 405194
959 405978
960 406763
961 407549
962 408336
963 409123
964 409911
965 410700
966 411489
967 412280
968 413070
969 413862
970 414654
971 415447
972 416241
973 417035
974 417830
975 418626
976 419422
977 420219
978 421017
979 421815
980 422614
981 423414
982 424215
983 425016
984 425818
985 426621
986 427424
987 428228
988 429033
989 429838
990 430645
991 431451
992 432259
993 433067
994 433876
995 434686
996 435496
997 436307
998 437119
999 437931
153506839 7554626
