101
103
107
109
127
181
211
241
271
277
307
367
401
409
421
457
487
503
509
541
547
601
607
631
701
709
727
809
811
907
1009
1021
1087
1201
1801
2003
2011
2017
2161
2437
2473
2477
2707
3001
3061
3067
3083
3089
3607
3643
4001
4003
4007
4021
4027
4051
4057
4073
4079
4201
4231
4507
4801
4813
4817
4861
5003
5009
5407
6007
6037
6053
6301
7001
7027
7043
7207
8009
8011
8017
8039
8101
8461
8467
9001
9007
9029
10007
10009
10267
10883
10889
12007
12041
12043
12049
12601
20011
20047
20071
20101
20107
20161
20407
20431
20707
21001
21061
21067
21601
24001
24007
24019
24083
24709
24781
27043
30803
30809
36007
40009
40087
40231
40237
40507
40709
40801
40867
42307
45007
48023
48029
48073
48079
48109
50047
50441
54001
60037
60509
70001
70003
70009
70201
70207
72089
80107
80309
80407
81001
84061
84067
84631
90001
90007
90203
90227
3214395
