time 0.210
15
85
259
1111
391
589
4369
3193
4171
47989
65641
12361
25429
28243
17473
291919
91759
52537
68377
144097
2016379
2214031
100777
83767
3397651
524851
3820909
268321
406867
705667
120019
186367
5864581
563767
1080769
286357
9305311
1612381
13881841
15687751
16843009
327937
19756171
316171
1657531
346063
1233823
3146677
22030681
353029
360301
4186993
28746559
633727
1793689
1223869
404797
1455889
1529641
531721
558013
8759011
62256349
64160401
9583279
738607
74264821
1184233
79692331
1487371
4552411
11866609
1185421
970141
101412319
5829877
910489
2609689
3047521
1264693
1093987
117889591
2095087
1013539
1574383
19893343
2500681
9059233
1261807
172189309
2553709
185518471
3514603
191435329
6017299
11045779
1617379
29388487
38213761
270004099
9536899
15567163
2617963
4975687
2763697
328985791
343490701
4197901
28035967
4499707
2130871
4078927
31975327
2299459
422438251
439554361
25003777
68927821
42151591
43085617
3961219
80604499
564243079
10517557
51764917
6802531
744499159
754400011
19200091
113552599
118023043
820902889
28204489
3539017
5729257
21102061
847486399
48079147
129709093
902362819
13577869
17910091
140440411
24980677
83157367
11024077
5299351
4935883
6856609
1192140661
1317735049
193443979
74399971
5103841
1522198651
9301603
20794801
6236401
21961201
31296757
9782347
65493499
295629331
2079182029
30444457
2148354391
19103323
20057701
2229267559
325833889
2301711721
17671711
130736299
21429157
358028743
10089997
2550763219
9900217
15829087
29814247
22746127
165250669
18627709
76033777
9203377
9526747
256678267
11000323
21745501
509980693
18538087
538526929
551080093
3842843419
33968107
3872359471
302443231
131206729
96798577
646798351
660975739
14678161
18196231
694858711
24853789
17093077
397129081
61956121
766059247
15558607
31784719
43932181
90582421
64827379
13209907
14032033
6438317461
6542701771
351012091
49063249
15030289
6605870629
514663717
986573101
110683327
23165143
1056550393
18647023
586606441
8320180279
17603161
181594681
1249433257
25204327
9003240481
1297333759
9081365539
42816901
737428117
19271053
9750056089
30401689
49087417
45883741
86560861
32041129
1436336743
73196047
20014411
29029873
31440397
26687893
11640494119
1671743767
11951397739
943666807
21249607
12331729411
21707869
196213837
1826502043
22129969
13486938781
1965814969
1112405197
2071000543
2137958941
29788141
112372501
50979559
437825767
52158877
343288111
16587880051
34245121
231870073
2529245479
92229763
18532486099
1013458477
19169935429
73381081
2781758587
2825412301
19821836959
1061851171
20353872631
1106941117
111985903
21169644619
21400053529
158155243
79019221
22817698789
45144067
1773826627
23157250351
3427974721
1872832711
24296608849
24803417269
526190839
25059443179
699709123
1351618087
3843011569
66450931
1508507017
134437549
146131969
1571472031
107688127
188819779
30850817089
99095539
2423417851
86767909
67305811
41181013
33396619621
43409983
1807279987
79367947
2750155267
58643083
279209323
36144309559
2800548967
5229335317
311068759
46183099
2934445387
247105147
37944348961
220846627
38969714491
185402491
5636346601
75720559
185943757
42520732591
109819849
907078771
672379303
43478057869
3378809281
104744641
294789097
430169083
6360703861
52036447
657496687
6745064791
2518153327
109018579
127466359
70313923
7063469167
49444335571
64221331
61216429
55815439
3910076017
7379843881
63047359
153229861
161966911
79154221
57081451351
440620951
61411351
3122829937
77826097
472535857
59791763011
384849571
210136477
649981597
244275547
61458409399
8900452441
62397565819
63516727
309616357
77754037
9172596001
3404737519
64304484259
1526971027
4983615337
65272342279
137389477
1561290277
66742262809
5179703341
3591243223
5279647267
9776371987
783216739
158315389
235581727
10066000027
71801104909
72842606929
1134644449
3911425249
367858147
10707952789
99778069
10799640193
77326927861
134712553
11124665767
319071409
136246111
104912617
81539490289
11924641867
422502187
4453857607
255311599
12489970543
12625535551
88497911209
167639629
450040501
102844723
13584189841
95214446419
13727546977
2012833597
96723651691
13853808811
7715902027
961075039
5313446533
14348069893
100566252151
2127338383
109198093
15006090343
244304341
104851363
109650050239
8487577477
779044801
98385601
206731201
3612964801
474225601
1088670439
96835159
1100678221
465664531
115952513629
16666752559
16810420897
1659674101
1270287409
16975621489
9196596067
97066813
120285546889
6423577717
121753521709
928682959
197406949
104954779
354706951
18467530429
130812849829
111474037
131122323481
106359961
18776030521
107640121
712084759
131587448539
18931560643
112286047
1515169759
19722106093
138215147071
320328031
468804673
142754999479
143576005189
175976137
918213739
253103449
3049126183
209690311
21199987111
112026349
21344468179
155083837
1510264891
4256507137
22374257287
22549044601
128901613
432960457
160132497331
1328713279
23462343649
178874209
164236482229
142052917
8739044653
130371133
139255213
166405255501
166950415759
23980226089
164810641
130979983
174708132691
127408711
4844449723
13758894967
180969336409
207807097
9656616691
130577521
251834161
26432931643
185225495701
237774727
186202020811
6069792811
171639889
534717871
27021728137
137122861
136451173
3974237653
2706408337
2979280201
140402599
5395075981
140314381
28458676237
140411461
153701941
139573561
29255388511
2672065579
29885232109
826267963
189668443
831954757
146382001
16818335617
955226497
31389882571
6033535159
180237307
187202299
154642567
31860383341
550714621
2386537357
376070293
17428586377
1333202359
32719089343
17704480681
241347289
33202747393
1145444353
408767143
5500515277
193934581
450730099
3455139931
35286174331
2787460171
190545637
13124850679
268019137
220022167
19754956957
1925094289
36722453743
166875103
309933427
37209734059
2049668557
293836981
14072614411
821310331
1793093551
4110730219
38697399967
20992004347
723874321
914408149
175585777
349234339
256755703
817178161
261040207
22809094741
383143141
626499541
15917169901
43088089579
4224678277
339642367
1105251349
44490839443
44727550687
4395770347
16742018443
3572763169
218164981
5353318699
276325099
1020518407
360849301
901119301
443674369
9089935471
48130184743
26230350847
18148179001
354963001
1239694693
27118755217
2769193321
205037869
4697617723
220756927
1069261051
258965851
11921845909
1096212937
19696474183
28883168467
53908322899
5294588437
3586819081
1685151499
6341431099
5830754287
416131087
55125893677
2399627431
55444525111
340886107
10944512923
9493925611
1452068491
1981406653
3037559071
240235843
13426351699
430460707
6905695009
660532687
3103628233
5413668439
61099316071
61391721619
1115319241
4319663947
1872507631
229212031
3376818031
474378997
14218278691
5689848217
1151916349
232951531
243987409
1094246437
2424743077
578230969
64922984293
756484357
5187259579
66660913129
6123823987
36761974591
292710991
874712191
5056289419
832409419
6816370837
11484791077
70389558643
1073879887
412141237
256923109
7051272187
884229331
332641597
505796773
278355379
75312519943
17183421139
8842778101
296873833
263226289
976038277
14654154271
298200271
842585071
41738920357
78949491079
341540239
13193391751
29729281963
275035729
397567507
44084344807
1126448443
412302073
1601667097
6260416933
31444376071
484743991
85166864989
86019711961
1567827007
16646736373
1415281729
1200101641
8707824451
33177741439
2061652423
92085607543
442259383
3403316551
299281351
3419620153
10855871029
95320806043
1294677757
1617776617
6372554833
892105891
22362248731
10586886103
9808505647
591618019
101401676917
433243399
2924446513
38270398261
330937153
331544947
2011664047
107239463293
39692094031
40244075629
20869859851
109736531743
110168454667
369600619
2728929019
8144027821
381713581
753503581
1313997661
111253217197
41255863897
6040236217
21490105561
1070169589
5256718477
4588783681
761229121
1740751681
1039183681
16544489629
42750117427
389743987
42805123159
116334897043
1668955261
1117441057
43803310783
8319325171
7891177867
357275839
65046617257
3451917379
1505194237
652309321
1937145547
1013071669
122804728993
4258682611
361941091
66543743281
66669530467
5943940999
417265207
6723352807
4229056003
775522723
6811669957
370839253
8872452997
496649077
520374541
47625509821
3887581699
9703686217
132259135819
30178515361
877734523
5727529861
135046804591
394613017
2781455647
442219441
3653037697
137957097721
19875961561
404471887
1528485097
75645560017
2690883241
2000858407
8108165563
6640831237
14173642687
7899811627
410854711
147025594669
407403949
148780000309
10986146851
80635040851
1047997651
758600851
55367062747
150104924239
21621067519
789181831
5061799003
11786382529
28768431847
55924207249
151972998493
1190672887
16149727579
25090276117
34802737789
1443702079
1029122203
22328544289
6740896429
3195664837
666853909
430240441
1814083177
4291824391
944496361
438869029
14671357429
546775609
163507801657
551669017
164165192131
27031765027
4333023157
166717345693
520196161
448158127
170064878143
171513144193
767828353
2787238273
1818650527
16773313351
2595948151
64518073231
3263860111
661722277
4988627041
3144794251
733095283
10085700217
1341726583
1470841201
3110612053
5507390731
469361371
1129151983
14255581099
986444083
5827781767
183193962541
1210586329
184004529277
20248929247
70825973557
1943100517
497991397
579511813
542197531
31945825297
105610407967
22763044669
5352112741
762324499
517646179
45154444219
564713113
33185761771
1647616279
520313341
76839221029
112422367261
1645057651
579657607
526433389
1521989041
79969442653
2376028591
49269706249
81565938121
1459252237
82372092667
1037911729
43357030399
1676121679
3682853737
124415875471
911871979
862138957
7481605363
6648009523
1412391007
12715681807
756898897
736017757
602197933
23413473877
89867806981
13084198261
2510067433
5856060757
2458626031
697167787
619082293
680431189
606593443
1569949123
3677282311
26666659111
1049178901
19857662521
710619979
891539833
13329362731
23225204731
59158498621
141901941217
1418626837
97804992679
98810787973
2119885897
5044656739
99630035347
145542572041
14072051083
674632687
625086181
4258256971
5832299479
635619037
708203611
19320681691
1340452231
633615991
32951812981
1939428499
26028737113
809202577
9248053231
4029723097
20333233747
1440861889
9846469057
109096473487
23101100251
846990817
655321549
663718771
835150237
2966690203
7348851889
1800601267
1404301237
1236737239
16233282913
1008616207
726174931
33402416557
11489467279
8968816849
1134882139
29261198191
896495071
1432075387
121335377467
1887320989
1853686969
2466214453
880417357
76859808889
5771469019
894813817
65151076873
1044365557
8374692511
1232720941
3210325957
5541118987
741829267
67094248477
769239967
984344971
59358944947
7422201151
59750714437
9640484311
1724488231
52871893699
35722238437
9732502963
36427558987
29361390169
39948177361
3132559327
141175483879
2475932299
3047050579
4676392579
925003561
1361225641
41045668987
1012816309
2963950753
3422779411
144555115849
807222667
146921366677
15786131971
20487042799
995756647
1029352837
5480754343
5387655619
5698458949
36986440453
849969751
59806929667
890538511
68782721827
6317101309
1258976767
6494094517
4431524359
2765381737
1365446857
9102093397
3013520071
28005178783
1452216361
41712694987
3859398607
848983591
14513172703
913748413
904244113
16418569441
30515488021
1928194393
1048712449
20307658243
5761912027
3813305131
73847298331
21382609081
65016579559
23247577669
864374701
2834586301
1867642477
883482529
1961441023
1042904857
170839676983
3226593151
905169037
9582840853
1622468821
1189377391
17473848487
1986049171
4575449737
92947826731
47806552081
80999952871
1912416871
7913548309
185574661897
10598948863
936733657
1896214009
932065447
949473331
4994598127
3923638231
40371933271
46540686739
14528283619
8898174811
6686300839
1069499479
1252475239
956958043
6281170123
1374216043
1017329377
7115301103
4743495313
7233504997
4194322771
1537170181
3225219799
1183783981
39487577179
56950012939
199824084037
2025541129
1578592471
42496036789
9497600113
1445912389
28604315251
11913756241
38910222697
1789754377
1194756457
55046400151
30487433167
15037389247
3278887831
2034597541
3580290841
1207954831
9225213553
56576908237
45521616001
1038710809
3214580449
8902198957
8132445661
1669537741
70738857841
64594045309
1289254909
1926764911
118525266073
1117785397
8637441961
66200603407
1125845491
6663937561
3150481099
57279922057
121769490109
1438910509
2895016153
36110760271
47296495849
124712466673
29847839971
14235550159
2546875039
94612416079
2395558777
1272281497
3295700377
8365319887
1462502533
4907237869
1477455211
29908519057
155436316771
4388627839
8082725377
1718542849
25582358101
1192448209
72790126303
3059200489
1158778057
2211280051
62346867199
18362920963
1298559523
1165351753
23531086597
63742289857
24310072159
11429063731
4807210801
1807007827
50411022817
119959932751
2237937157
1514482987
1305650767
170121714439
1629687571
34395324961
5453784481
18019029559
12347107501
125414303557
1610173057
35177544949
1476638437
149879417437
178767162829
1260711139
1729110763
37350557701
8307551071
5658077209
4186680811
1342472629
1310643181
62817656221
3370462609
37085744587
1382779633
53613994981
1505005399
1296331051
5636506639
5240239087
3485524927
2132258287
1297206259
6388345111
1368873697
1341229117
23283707611
1324862449
4952169457
3101364841
30968864599
67018463311
9429232621
4851699889
40238547259
127679063143
1866895999
18330321703
64082758111
64185300301
2767503259
177767162329
19515894133
92106412087
1974301447
12784190647
1965100369
3854034409
48989499259
1729292503
2087983327
53907648313
1432148407
1458488839
2451660973
140296322659
7224234943
1788152143
27242208577
52358999617
8574963349
52705234951
1486728589
1703453077
106373164801
32570032207
26415462571
10101292657
166832188807
1588507021
27150871171
17561596711
3061418557
1685304013
12178554523
1538805391
199673009869
4283452417
76751491459
41728069501
173617478077
1700865583
2070642991
22622900431
3923568247
12566533099
1838647999
2103971647
78749651371
5412535519
1658846767
156035625637
1829168041
12784522477
98650172443
39757100143
1772040601
1732054507
3165553579
21789130927
4271646919
2833939957
5804054257
52981779901
129976869901
10744985101
1592982481
109364057167
1985804419
6626783263
10993114777
5870715847
3202914901
37281104491
190159902787
1627658509
7997383057
137266137319
106397742361
15776834431
7340257411
82500019087
2532630127
11867772127
1752270661
33321333781
196689481927
44495254651
12064517851
14991369511
12082862989
20788350259
2336718973
7379958037
3769918051
96207928051
28617237841
44714623531
1850467081
3976407901
1935535891
3184719253
183394999507
7512234361
2387925427
65680805737
4689130909
1807155169
2310733237
3527185747
100557058009
18235999741
33797176429
40940267923
12242348509
90224821597
16910329927
47340889597
85745791489
2150939803
16440720661
104058403849
17268978577
37363676767
75815679811
143144857759
5743646791
143306616391
73050678751
2499336799
12738343549
1827045229
2716199149
1826158567
3714551959
40202762671
2522580061
5093868721
1839639937
40608133399
1837982359
3954328951
8732675587
13447894027
9332895307
52478595157
2139142237
9549650641
17858522641
1867926127
10889237773
1875068917
73312351477
2055063469
3424399789
2260188373
5649920449
10648628689
48205018747
12596888407
1964142181
15293502181
5802997861
52999373827
25400087389
3404353891
9926136637
84257681089
2365389823
1987541107
27686408107
177822266449
3460192891
79098655873
4540485757
8673473401
3602202997
73739822131
24776949667
14310269167
102731573101
2284429681
17206678219
2810378353
6346826131
5829701197
24367139149
9897262717
4599398857
2335141969
7283988499
2476332223
5294585551
20283826291
6689721439
68413432501
2173800919
35618632141
17497443127
29890989697
2718742657
4787484547
12822841081
6108482917
3070909201
178167974791
49105316509
10879385371
2637572731
15818275147
47604674911
181320305953
199207170451
112006866343
8903359921
11812373497
4432755097
92514215587
5893114111
18008703679
2145219397
4306552807
26462643439
2955547813
29725666237
2803452529
3475496137
2149875499
2171447149
20682968557
172261177987
15423373057
174269012737
2183666647
4248462451
58375973137
4030454821
82769490907
40165877371
10318191997
13877805307
6269892709
3221635327
3256078711
8280083803
29201143243
2244345403
2233435969
7918210093
5402961373
8803441453
4450190377
59123510239
39870430627
13721611471
4428753631
102443231557
124937170177
51011030221
10713861247
102984617707
14592233839
32161445347
108582014137
64025054617
2509457287
32546215363
2500537771
16005086761
14365030567
3224008759
7285667989
13163690011
8512185229
4975000447
132199246579
11290054819
3977486563
198173874907
89716738567
4661608069
2844796321
2474658721
24996615997
3387203653
164397946981
89864157469
8840861719
2701312609
114632197717
4977243517
28400008279
46553459191
13371396667
2848900807
3819228583
9906890923
4648305169
36973873957
6420180469
2489482627
12160211467
2613591859
16378059757
3578043211
3727425001
6215472199
27831077509
2525210239
17837607577
27969358603
2966828341
3687988921
65486672707
146926401883
121130991697
2698258357
3277533199
2663517511
3878205649
11499794671
16696449337
180936075781
5846990449
4927043137
2693731981
105940058299
4884338551
2599186873
55085074393
65355861793
6341538991
78921158689
134569321063
5717676823
4694855413
38590312027
8289980287
10410394909
2958359917
57316442107
46781028193
11248717783
7615487281
4003310923
3858815101
14351112301
2860879207
72546817333
2870200579
3692914681
3088253551
28199968429
8146077619
8698527517
5836677211
3754486201
12352067311
5389086319
82393354291
87578487499
3000642109
17272048957
3026756881
8646699937
8080350199
12566581213
7270435957
147438382027
7195768243
21681950803
2910030163
191273164861
39752436799
8581438399
3364243117
81078272689
7337197207
18162769447
8508476371
22697928931
22582710877
2964993079
68536091479
6746357767
17552172613
4391685211
6881755189
8881565449
3144932743
3035153281
4013984641
97712741803
12305186791
22128023857
111756255757
36611681089
3465640309
48279914593
162839047207
100578711559
16029003937
14848465561
3154933909
131910995329
6826786717
3229524877
8271620491
4301776117
113704492249
17950255177
19182615031
6959924581
67999157221
34607061409
3378047737
17192363917
89417180269
5458707451
14036753641
3289107721
4074838687
14284116211
10259812363
20338610041
121009737577
21758251633
4514905921
5627296501
111338128501
37982206501
78669170869
30123765967
19117570207
3985479709
3269237833
3330979273
15190480873
92078251429
145610433571
42885706261
4123514821
3409523287
52869775897
4266194341
15430994581
152917878793
3325209763
44777909821
72955694323
174776295091
15034889731
155026610077
7001398561
49372608091
16755532459
44253805513
97139432311
104437783399
23317703527
55197480157
3523322797
3888131827
14478325597
3429453679
12128666971
5333164009
26201920627
4481797153
8142167713
10609230529
8488044601
5096187829
5344771099
3497723797
14396424421
5645862517
19887302803
24014600767
195514591807
42338837227
13223354461
4275165883
189281063551
4193903551
122027658619
122544238153
46369826413
7051675999
6597107521
49448293441
108919864201
17898672079
5819967973
79411147141
12943145461
4871271679
57039228679
25457509183
4713840097
3957377119
3633210877
4239543037
27594790159
64069968841
12113636851
81858789427
3975822661
6800670661
113586939019
26721766921
6320852701
12591979861
8655328579
3691683409
51878518609
176615538061
4511134993
53042141461
26982449239
54227042689
6121734529
171615433189
28052093317
49929883429
23622444457
8984001307
47517878659
18057263239
12502410187
12080413003
21258536281
11794422559
134969047627
138727792453
166513431001
8250602377
43468478551
5239018849
15697134457
5742266269
26134348909
5960386363
93228169399
3896786989
66135932419
7232307367
4506263761
12921494161
5117457361
4157657041
57750817291
15266317291
58509645367
4302091039
17853101977
15016346557
5658999781
80503065847
90040456867
30052083631
8230139311
5235814723
19524508837
21655360921
32686144753
70290263569
4158910417
19968856027
8946605209
28170577507
8874770071
4147324231
7771693777
11284257847
101375189473
16336697953
9724333153
131444223067
8352097627
5982543337
22135548691
5325560371
54653619817
6983038651
4194796621
15491720707
9786968467
4201211059
4874927503
4702061839
8355355831
126346954267
15506367871
9014594161
4261681999
6565814821
45083578471
5823288871
5473526647
18177508441
13714781053
35569927201
132609899221
39514147879
96327105319
8680363357
70970146591
12124936111
4639523527
9169361797
9225194191
5706395557
37154360437
8651253661
13775873647
30646147621
6563906581
4437189121
4578042127
64928240101
6477330037
164056704781
6028088179
175278147307
4509994939
170683760911
4972677607
5069231779
28680221389
14799223141
8507076049
57205578259
6293477779
124621564567
4751102227
195254187847
161883412909
17745079747
5069053219
10308213931
59134276609
4591961089
17820389497
22906661233
16076673643
177563366737
15951598807
9601071517
14468468431
4749381157
25140900847
6750310351
86687765623
20475774997
17773433239
6917963287
24642168673
80327841709
5416606183
10294798837
12988236721
6368977939
96014653771
11984005219
16564930663
15878462881
17382138199
4945648009
191872223437
31084346971
10491158563
6517460461
95189444767
4943554771
15460625731
30396423091
5267427331
9323685379
198533686369
179282800831
6922859737
4897795249
6747372271
7573358587
10211633479
11811151381
8866138261
70256958997
8468895541
13806865927
13369110889
15195838711
161240634337
36952540717
7637903443
6624164941
6175014133
36044541271
5686045831
63929844529
72708765781
82855059097
15561996997
135444110023
168036683431
6867487111
7259859637
8088738799
53919424567
6260894023
6222857467
58605532231
48856606891
9646800811
14856207997
54853137607
12137522281
61030658077
26489532343
80480387989
27091918057
111618970807
76759482673
113355416641
18803367367
5303589019
98410044097
5270796301
28746720661
121915172947
15894585589
5725366597
48392512867
37749112909
65946410713
48745924891
108197023117
64908869299
15173568049
11100377401
5360033533
65055933391
5493427897
11240322481
6488020081
10533095281
12992283487
145137157537
106556141479
87578838943
21548074351
37438695121
83831558137
27072137959
10554557071
71625601867
8284990561
6317105461
6486843127
6260823157
55753938391
6243800791
10586654311
34979561527
5941898689
40150684681
9120879211
19484182381
6225397699
56991394417
44536031437
178668760999
6710359657
5650040299
6640128769
68091679489
8714838199
53678364409
10370500057
12315158941
11846832133
81767225887
18481627867
18937411627
5717211037
6820418623
5741044663
9270770647
10069595131
80563203697
56110562713
34660830397
5937123991
26726605903
18304502917
182860445587
22080920443
7598339887
10949084527
102480709087
9208725751
25889662021
16101954157
25084450669
135106746997
50802757807
20399973511
23536073191
9013732963
33004414483
6799138501
7055838019
6736095409
6548846377
7435638673
137321609107
9190638697
7723050211
14204597359
36993279937
52621830337
46124880943
19966484767
103473682159
6986626879
6382809733
29428945729
6527382583
6258290557
15081460333
8414163031
24702897019
29871707191
25498694311
7509773671
7501304311
9900956311
15115297891
6389907187
10117936219
19010746819
10884680383
58887842941
14361533821
7172093839
165343173997
6288800953
43953342439
16370882347
20390871859
6319765561
61450601881
131670055219
150669223927
31287116911
6490582591
116558762557
58755812683
11483151019
6574047307
7871732749
22380340153
12009696091
88248231217
35092448581
6569845801
7538367019
29600711011
8007344563
28403383681
15924374467
10803560071
20191179721
121368212923
12643237003
6666255457
47257697863
111450825319
42278330797
9722321491
11447388427
6761186947
62687038819
27210810901
9423252427
46698751639
25463413207
146516056039
31389443887
11650187797
111840471049
46707016747
10516352449
13177652431
7046917807
10658810653
22553952847
17558546767
11861373343
7407397651
56275158451
7150162909
23743741729
13222195663
84988584139
28168554487
133454029207
54899612461
7267393981
11657981653
7534426981
26454101017
197720222617
76883262889
7322593123
7332239461
11853119461
8699815153
19655139061
176823943819
77017400293
11595346681
10169645341
7195879597
8356819927
12406574209
7119931447
34024992877
7204174321
41255678227
7181458129
9002661853
22845140347
16709199193
63394314127
23095310767
7164563407
7502672959
11066958769
69324195019
124269399823
11047621999
62078596471
54587512201
19052208709
9127051039
19375280923
68360446519
15530729413
10035343399
87255328621
15877240861
7605698101
13487859193
16118154571
41810602891
7377902491
167958794011
30642831319
8099198563
32364377137
13405484857
121688324833
149110328947
148202143699
13835094391
126854251231
65620989013
24017426707
18402344761
23332051843
48584670187
10013721061
175649645161
8191430707
8539929859
12934839469
57560232577
12372461551
31848568231
12154718143
46927183099
147118589221
12713344177
147537895339
16566017203
13394946637
10749403897
62778542971
112664811967
57028954063
10297183807
66754296481
11423801941
43616552647
47960601079
10829607079
174968044729
123433182307
40982590279
48454511629
119628190867
9885797293
30099872749
8005229581
8089610827
9304717507
13347365809
11037912331
9575362831
9250672159
26749471897
22482606397
37542020491
12013380091
8371156441
17794246837
35256097897
168348440023
8301233851
23181615949
15953983333
94318945213
73832981107
57566712997
10936972327
9348732187
22581885847
14891372611
8289601681
78047226181
15104206261
10378430977
20604346969
10866381961
100530905701
11900691301
8481708757
8404168009
34446221863
140254262527
109465215367
150596606959
28081015771
95663506963
23081588779
10443006661
10953085963
30066710701
32286012721
32253590821
16892655781
8656833961
29407712041
15381663259
11050727143
10269476869
77682246601
15573241237
30249591037
23702437069
12351082927
94506304441
25436437297
58912511809
9220829287
16723399207
48695479309
12284315833
21814775833
177000440737
18495100537
34422232183
55631618869
10816400863
41516916421
117721030909
135275336041
11388695557
36057406477
90470269657
110549083261
47187159583
25281868459
69320467147
14919338053
38851855351
10528866151
10147105723
11407304959
29635545451
10619296423
10465392001
183637277611
30392375371
16462337071
9562805311
18963495709
33531093361
78555626599
24760891579
125746411519
30893241667
43392892117
158665675603
94600901767
50451791209
25847672467
18939468601
17789404387
18666577399
197022734959
15978607087
70677483913
64110270667
9525613549
13789716613
56409604843
38603175151
21691071769
84093609727
82662749677
60143290447
75428792221
47815731703
9774995383
73902846019
22130955043
28375746043
35481338257
9766325323
14524459447
17065513471
10209387631
66496717471
10246814401
13604786959
15105751537
41558513251
63252948523
125223096463
10099212427
11761485871
13551454957
61675415719
188226205441
136147390933
13754799787
17132167579
11362128901
51626767207
10359064759
73832625211
182546440129
10679244031
13165882447
58703681809
12049256047
18337573927
21996021601
115827884383
84315525589
49188829927
24576591163
12240886849
102633776449
42839278357
60117595717
76701691543
11480698981
185057659021
10251916879
66312231829
10278360121
118679839321
10527823633
32752860631
47566053211
11722832437
10516271341
11047637407
13005804631
10495681321
18342433327
19054884031
13682537977
90157862497
189586579909
23525773987
11300502229
68008790149
20357648797
13439181883
45267755131
80368894381
91720968397
12974595817
116832688729
10931342437
107184391969
16129824049
96472622143
26546352187
14062231471
39612774433
36124155913
54769763749
137118691327
13858651717
50441957089
59182785889
10911430867
31379161963
52662811141
17262461371
18442501771
45934310677
15660716173
110874306859
13381890397
80900666131
45149187487
62229101719
68521108891
12854010997
19861690183
38150610871
155396299969
12065458981
15509428159
19596820927
74340454891
12156588187
15996524209
12636931081
21641418121
90195377161
22645153813
187601344699
106921299073
34464835417
14265500419
63467003029
178954477747
11550118777
11382810781
11772646423
47994086209
13013980249
187139959339
12538837657
45883568011
122146557457
11664294409
38578378567
12764857477
136146362899
19225004569
25746698053
23547689257
12596464021
25565863747
52139966029
19867704529
82680135217
12946519849
145611402367
43237797667
15401437591
15208104829
12172636141
42643698007
26192408467
44344529041
13796090479
45563473309
63099495733
69910905307
20687721601
12407202553
20881752217
12112882051
133719986737
14708272981
143694146191
20485336117
20242108531
47926753837
11990256241
12327839653
65132864761
125825221939
22697754997
18243874543
12253395001
17337495757
17114996053
26672760031
90170688253
57038687707
25615920163
93358809493
17316094069
130010477899
103653722509
66173413441
12934149817
34406811643
40104600043
43697057539
26869348867
14087307613
46202017513
12642867763
20297417467
35017315483
56520107617
122252681731
23382664771
30379268893
38414805241
78330629227
96046838287
159375012889
13989408931
22454043691
19784035363
88867904053
12620219431
13591882669
109349318137
96179956573
14071985461
140405471707
50424363601
59976291517
32503075879
30327378241
20509528657
13639110367
58155055069
15371337607
36540394351
13659430639
27243452791
75597018421
16925228653
44834387053
51768731587
27757965901
19352427277
14188480897
173615159161
14152605853
37690536937
13227709171
27176197231
180202998823
13227151543
52042384417
66060959287
13537269607
156133886047
13871679067
127653952453
16543244551
126995549773
15699070687
37975609813
44668551979
144418139251
50899958509
18655151521
149811258169
13405520533
14077816117
34575170977
30421416127
124990026367
105324316891
16294311727
15128184649
122679101653
18328783657
33003284593
14935589761
13879645789
34225477861
24869353237
14687583247
31575927451
19550469511
78236435551
99890779171
21458656579
25088242999
14057876281
197965935679
13929785563
55446148129
15409288681
33769566451
21287544331
15678541507
52386266551
15308062951
80127956551
59899578517
77839278637
14165802841
34880134291
48583420969
26999041669
14093547997
27146433577
34713345829
112767135667
18127225183
17830420759
121663563529
15302542711
62816228113
56168965921
16151466577
36139806127
18613927753
44928229741
67040233681
15109405819
16029672037
16772685331
19753881619
53736904339
27163386139
65770205491
17793825529
57608275117
30216268399
18112705969
151761790441
40880890441
193392061717
90940600159
147832927789
16824158599
31465965757
84908059447
91452093853
16069551133
42246877873
45013191637
15554878291
23309354923
59554958653
162583845817
16141210837
57910538011
55293562507
24525697099
38143269793
45000012721
53194006597
15856299703
21041366737
32059381327
23281735387
39604439689
24020476789
52138427251
15664568089
21470341621
17482566181
36268432699
115915590229
150600315919
20695861561
20640420481
175486834849
17354089471
31283737087
18527779183
41276479801
15630922201
150036800257
25778808577
104077799851
16878591787
133904561137
35884242283
110793340813
36271162591
31416774889
97390818409
18200024113
53556978217
27274185793
17315595853
65575697107
158170923697
19795196461
47652734137
15885514111
32773422217
153049902283
106329299311
39928904311
21473812543
91624759321
105680156611
66894134611
171322595263
17365100377
153049091233
64779915397
33509456941
23153659807
57889565599
96004080589
37998380317
120773712151
50825032519
34510733419
96022219861
21955278073
180484849273
16233651799
17023982431
107567398723
16273862809
18755558959
20004018511
120803661679
110234076079
17859951931
19396628299
62753132437
20881908823
55257994849
64414295191
29264320177
34936195057
17378059063
18392115757
17911899409
19828304959
132879460729
28133636647
74129514061
42755135359
157515781351
27924266119
19240268251
132088640251
136755831391
31480358323
26618181169
190081840789
56350572319
22652019391
16922818111
38773118047
26360369491
28200978049
25447339273
20117968009
23559645649
44067459697
38708526781
38526401803
29121563659
27600338191
18048622957
26906039917
123710544511
41765268709
18467190757
106183331599
50785432843
36029263297
29466693049
18413459653
28250857777
22191114073
48727063993
75458131447
20870119849
24856367143
146614989379
53138106013
21410168869
21814868479
21633492499
21929211487
110667475759
82184926231
31609192441
18538473433
35628468331
17703961537
38498915641
17960059057
60465095167
54307724521
32471061043
181259999527
20895363427
111518051053
18383412793
19792411033
34769264911
18406128217
104095279441
24009244561
41345583259
27880127941
50528540893
103376962669
30184297987
89314825027
99557493961
21739367137
52144519729
19478899651
32035444951
28892844121
53632450309
121448086927
66088779277
41501196283
31068892531
33564701371
70782248161
68808721087
60407539909
47023757971
24342846637
85839751453
68711850481
18835809133
20567016271
23883389587
18656455387
142987972549
18858661447
192085557409
144808042747
20112873127
37016335507
133027661773
102514456591
26977850563
68615161591
54881467969
18791531977
19765431337
35759769889
37237870489
48187668421
196225059187
21112778119
27035654143
26827195951
21627093151
142003711741
35957128819
74538967423
19733794681
36618814849
19499850661
56116015141
41516332327
157155767383
27122408041
74302709821
34347469591
61163105539
20140155877
77740532101
43707384769
36071974849
76103588947
142858383949
27659453971
62727169321
131196653953
21349604329
19841301619
101664076333
20222796439
48030486547
26521481209
39309306457
39343467997
25470214111
42313206217
26506088617
42302410231
63409319401
24481878919
125907428821
144825081787
60610754317
20718784423
30002761741
26097739249
192052362727
22693646641
70503045421
57145979461
20797138741
26515941061
20838378709
21105391819
61497491179
20999158987
49218577627
120935444107
27864442831
52487935501
20592021469
96623128597
37876582201
22927984249
25298911867
75246710503
44114936881
23433046321
30841163767
46179475399
20932132297
84556888837
40180067383
75098737867
141012556621
76176881329
143049731707
30754742779
25711856857
35688537751
53947557751
22777106953
25370187277
112560393961
22103157961
63842357941
57154394389
100502124997
115094347747
136710252799
47245007461
21535436677
44607820771
31960025113
21682620571
21156354301
23789080729
151517537191
64753073221
177658999909
83734930777
28226970067
25474108819
23310468229
30095610007
24357336499
179586302881
22048657723
38214197083
69174370651
25618488769
30502627879
45123109957
60413875663
38308463707
105568221127
125020058281
109960130509
62864417017
22719058039
72909422797
76607095531
131833025131
22038555631
134063430349
87594592171
186201852409
22209315493
30211007599
24762449671
54952674631
58803382129
22026636337
22255904959
63269686957
146783160841
133561332391
35596717573
73320561397
50766501823
116295603097
38614676647
166206069499
74318698651
32911498573
32161909453
64660742761
23955361159
66649226593
116555901871
24984810913
46610547439
175328392969
121620334261
99080439127
22716698119
66202565851
31248797851
112491959851
23934314797
185369315809
35865275863
137810359543
47987317687
60105011773
146993828017
22731517327
119718889141
93138029869
186682394497
37892851807
130917675199
23095250977
137425589797
39346073257
152592012679
24860759683
60943687867
46919947621
44562445801
39539115277
98987116243
30778569109
33325921381
187252178881
33529031329
25097853691
90829715341
74778632653
24283970719
138599870221
24598023997
77978821981
56354186071
25213951621
24169693189
28382386537
32113526719
52515158233
25401563389
196669184629
24120312577
25068251503
34677518779
74844268717
26244820993
130238268703
128043866173
40253531683
140950570639
194456525899
56390625229
197742008137
62026968259
25202092957
166482890617
71723601223
52371291253
184830558853
175292609467
43532423383
52309415623
131837439469
49329797269
61488827599
113423608579
59041696117
28546135231
93953178829
24794990029
92616052621
187885093567
91015812889
38782650547
26484380077
131904239107
39788588227
159716907661
34166008801
29879645827
36037029289
83434342909
118073743087
30259449247
32746144999
30907677847
25739454547
62659572067
121210682449
32346797953
25502391643
37533721387
92179269421
141470683951
27381617971
98950480357
28562841763
37810086511
27650652691
47112506269
36906559357
63570682867
30742166029
26194133857
98673113137
169350104281
49133735449
62525600791
30011510803
174663560353
53146415479
60480148567
84633226987
47624222857
81703720057
49231519411
27669270217
76283938921
26616207451
112563236497
89889894811
51663418717
117040509913
121189687321
62201174071
27246442981
44342277103
168319899931
97024906609
56521026721
155494909291
53975425843
61387657423
29707583287
38298372319
161267044567
156031397173
57097716547
191007668749
36886607161
27412514221
146902447147
45163926757
40927749727
191392003681
33359029321
35534469739
29342693101
53488491139
197662533709
29152879627
28406111917
168029655379
42866549041
76814108689
65723619037
97247391151
32735218279
65205339613
33363168439
90576416893
81958466767
128076253741
34936263643
40438030051
39813366811
106717485409
57548808379
68328496081
28491319687
34759933069
49618681951
40865945401
41074169527
164959018771
65394742999
68010491641
62249947951
28868303179
49774842031
29003535949
34085630191
95614574329
38250070717
46776411697
99580346689
61392754567
112668177931
54953656447
111995854351
104115846019
75212397079
91797845731
84863957377
60047130139
40271314441
192178627447
54096875641
30348803161
44055646573
48923813551
41409580063
49093958803
117608905597
112139571667
33558454399
129175023451
60630393451
30471940591
29882208163
30650577511
32197520473
121482265741
44051207341
103516229749
51433328407
38173755343
32894986219
50224585867
80262398581
136363490929
80421279667
30465115027
30714241951
133254907339
37650385777
53150894257
44186164051
51788585269
62226499477
33778700509
63708412477
87320357587
126657481387
132383635591
109884768313
99078862873
106715273443
40873437571
31132674337
88522697533
31313410573
33974673853
39013864261
137256375397
85177205821
168289877887
32059963471
35488217857
36163594939
51638373547
80661863707
51104137837
81470440507
103903895551
42107272969
120308379439
32391842341
84864376741
31674243847
44735147311
31507758769
177582520831
41515154671
36104437867
39853943617
81216092623
52894383907
62178803977
185374683313
33772834813
44432526577
83855368921
37243368121
86604929539
116824290997
112013991361
92479275859
139053888481
32376395353
39725677447
32776350331
97935561931
42843577729
34641546943
45746262841
80554044379
170287773979
75104991571
112407495097
47855893567
35735863567
46386498523
79350320227
36008374081
32467563871
110585961907
69079928971
43118878171
35188343989
32650493611
34090063507
139540786057
166863784621
58846614457
121716094117
56069602177
54533446069
52187591047
105788504947
50842008379
72670694251
36740228251
34127560861
81796251811
142324605991
71947488649
78423880819
39635475853
52532599477
33446451403
38631677701
71494566109
33476953441
181839590941
60754768159
41248620337
51678703579
33815268967
158497906027
98054697493
34325616613
60724156117
36796985509
102884385829
34058378143
78673201951
40902926131
64243775971
52689396901
43276198747
114208368187
80130743401
36566243401
77083897171
34053070507
194630527759
52342312777
50560286899
51400430041
36327019831
53637032947
50229333463
105039468139
34799356489
83395278409
37642262431
166364702239
56434384807
108527737987
64466808589
35923390651
111455043367
36476661253
78870318529
110495649217
41745890551
90399510139
35195929339
69288181159
110294922811
44061103057
36884511931
40940055703
67189423771
56776363561
36259471141
85269452647
102476284891
77800570051
88921863409
55617683083
58990114471
77890359451
53159141803
128866434061
151909935997
63693801487
35850484693
51466032151
99659726167
36307838911
50763339589
52887601927
44818567681
51448090279
185823506569
142156682119
59974192279
39730504603
36759021883
52657517749
138051826483
72341690107
105778715689
47078600431
36533003071
40128472147
110326270627
78673933957
36724449637
45120175591
46348777273
102955761949
165103321741
39763604371
74568501541
111534951061
49866637861
45091414651
67056062431
87513841669
67538621881
37873298521
58626425047
167241609211
37281224011
122975525791
39504753751
111911583037
61658052889
48973495507
56334003559
42827253457
85118925109
102169923181
69934511737
157822280383
37659033103
58717127281
85161474889
115817799199
40842392011
38746381879
39842000563
44626040059
61570149061
45244208101
143039514307
99447344599
120392061739
127524650611
94976592691
44275804987
57839158813
53338027549
131442295531
59068004971
53238731053
185092751821
38949640141
40057807567
50233153567
135451814287
41016268651
42111630247
39972019567
70239415801
41392945147
164402132539
62113537399
45609759589
175229594671
116084936857
65458354657
42091972807
188766459097
83661057229
152680146571
70871926441
40582237999
132343886557
41639288161
63245711929
44542221817
129818247847
77593305721
108405706837
39852780973
66937426183
41588761303
102110043223
45623251741
52852245889
138071581309
69106709257
39901550287
155196814693
39965681029
114935388871
55896099799
167537197423
53819717377
41180126557
50249949367
89056286437
61926562669
98267798887
128588237287
41655184651
151413308047
112820792323
50218755889
175935313387
44501189179
87492553639
43423071127
41496393901
64634503459
44437039609
52580060149
43527568771
56382708649
109184104957
42198167449
41350915429
41404619017
58632822487
185658004957
48893552077
134283346909
89024264149
45955461007
79224845647
84637637347
53629262821
43782109951
104048621977
42722367241
81439300741
44222644597
44034642121
51478919311
157961381521
54080530741
43675485169
57419866039
115478996173
171129120961
49918848961
143886932491
147685597369
68098491049
146710342939
99657383677
160399947073
171686263621
61872804517
54074590861
97281607711
47832829843
51999656089
47288009497
54451626451
117329165017
54556939471
67401463081
48401024467
46038585919
164000824231
129002243023
47639579773
68667791089
46531483447
191670961621
54908823523
138322122529
45021437437
72809630011
53542003153
105239294473
44578935913
50986033051
54223153531
111854075899
47811810217
50933537617
191834854177
89734890523
77385546067
64861157947
55830793639
48100721677
45526348489
46116411727
46082567929
54304087531
97350013351
45708826819
149429507749
67554720481
70953918439
57258559849
64851568699
57388243837
145826583379
48545246479
60160898227
194862235459
81786859717
179144873779
47592629797
76767860329
57502166539
64977348739
72118731931
63628944679
46622363173
74214606847
63880256707
124146671611
89157251047
159783281737
157483686667
106812932701
117386478301
116508428401
47135463601
81808287601
65234499157
119023780357
74497948309
195619283791
47393078911
143282226127
76890813889
196395358441
155821167331
49699880491
188685931981
92363949049
50956242397
47665912741
66879320647
120452155051
121841943637
52804348897
102447768961
103467757357
56386157197
76952236477
159566375767
134910189157
55008137101
148433464843
138639082999
171951081751
61192698037
54076591687
67521340111
123212224777
51528757603
50808761581
97531954249
85024589833
55389626167
134444558587
131628601891
73651950409
178928448889
49192909627
49186257511
62279139259
119541448771
72130915621
168052220881
52542980881
59642165689
115651793767
52476192787
65128502083
106579580941
136601787451
58605628729
120273861823
50483971471
178943755453
51997659361
94011210967
69246435079
79377778999
106263761743
186154865263
58644140383
65210513143
183038275543
61482580321
55348258057
60293996491
99781984723
51373421653
59695641679
55753954957
56603219107
79768514281
64708356091
51500971567
141401829073
73819474471
76825112311
99743799163
93568530637
53563619293
163779214243
143001463537
87460936879
110082477889
154320109681
52528087921
53119355413
162330151117
162750686869
56712184537
56506152691
152081307361
149316939361
130594356481
58138739959
178903168681
190031803627
160748425111
192608279779
60911183863
119019105661
66048722587
53071142191
116895042769
74361906037
56881161499
138708118147
58813244491
53867563291
74322118399
79810073617
97240425367
122534635081
88589142247
155958300919
88380644269
123899265673
62793310819
56147585731
73104550177
78224680297
62592607741
54562285849
54086301067
122587729897
190474041487
98477700007
124768604533
78396726787
101276189617
86048665249
88491324643
153173170417
77962279819
54949262971
89435117677
56584442359
114307803877
105791959057
166926423007
61419912919
55194333307
157340044327
64654977109
110563886677
67643167201
57902902573
94540965853
64005714733
88778205211
55604584597
60160511209
172780543129
56684547697
125610785401
55980151417
62646190897
103676741797
62924537677
107229235441
109576571347
185016543427
56668635679
56816507353
61830570229
129051641317
60014670493
122002016809
72357377431
57149349007
86552823757
88045285693
66458741161
103231767253
127106612761
58748935747
119379832639
68408580259
124423149859
112356956539
68959684081
68449257733
140596711861
57988131601
73035857371
82888029589
67992837397
58487208421
101117510887
179822875597
89097620863
85227006127
104889608251
74643525283
143111996347
99171368707
151668293827
122413068103
127542905593
67106721001
58704029929
64871467249
61810079521
61064712031
137033369119
73510357171
123938372029
76792062271
107050217899
65404035061
63955364971
73058221813
108278438773
94252744237
62523413899
76186595437
64033725799
76155309049
60843449857
171620192353
95134947169
60840164551
70812649939
172644809653
128500353409
90681786079
63523609837
170155619167
127793995141
76998327223
68138422213
80360291581
68015142751
63564450601
61036756717
87855461347
110881026673
71546769841
80499281683
104015321281
92010673561
119115516001
71264890573
107244416119
160467086821
87754714699
63172644013
86309268949
98275901263
69896936341
97673915821
82796146861
101142758407
121458780073
85752452257
75807909517
172401345481
99752866789
72302432899
103629516511
63807175147
63177949453
63315265801
67540516291
108171366967
66145043191
84562443523
73240580407
141347882479
187340755963
157087054237
123102141709
94170982657
183437321467
69279813751
66480404701
64309633411
111769503529
180663890497
92887667527
87783720007
69236339287
179761301509
66259918861
98340837181
115432479991
79298972761
73978691029
79522541713
183540268669
113592068671
76333837507
98478764149
112224327601
65453073187
73622265151
83018531677
66154478503
119136269281
123650413807
82318800397
91076953537
75391100671
89863661959
88978437607
88630895893
112948278661
115094254927
113240951521
84693464563
169405966237
70822782787
87352578661
103888726681
101785448911
109149096703
102168384037
188087650843
192799876807
118853528737
69155975683
130524936007
148921977667
68583680299
85272441979
72911157457
145694482753
173993797543
137512938109
77534498299
155550173143
70834908037
71690882467
180259281049
83524574407
98945714011
92766068851
100049752237
117225669331
69413668603
73368125689
76585024927
164198351731
70175644549
149465862157
173605952101
71887553827
80938829791
73918599763
127487044777
131370079537
70300147279
125547066499
172485195691
80274078301
72885709681
71527024399
70574836369
105080518453
90626756047
94994265679
178870043353
71115281851
79024804717
99930310087
83219845927
122288052721
103544827843
91266449581
88507660861
73796852599
113172216277
89092415857
82209464419
99641551621
114297941137
153997157623
73468732171
156737869417
123046140979
136790268007
101362817767
104751711007
149055119869
191134543471
82942983661
131559987907
77122670899
73692837409
150389546509
74061893767
131782005571
75380736649
74702630857
158051742619
79169894131
115383188773
154983013303
92735408431
151585206061
143253168547
112105891171
95749399813
82532390467
161418247033
88398236389
149160066511
82436998957
96549845923
75895621519
145048962829
111467736901
111626367301
91419928267
101517160429
80230211683
189370513021
87960549463
148276393843
151483960669
93589693387
89343773221
152350663747
91108945117
155132428963
141095025121
80814408277
79153034221
142215540847
164486290981
106746639691
90001760677
80117384089
82152850027
101494774567
127388381611
79967680759
89027839669
81143213551
87527271847
137548165927
104705074321
110828497237
182665854841
106762873639
103892880391
140927184949
80983920781
80904516439
84550664227
103618603453
105981553471
133030481557
150604801777
113741351851
111192631411
178755711499
138893056231
162288888511
80438697301
134363578441
97831268137
183035951827
108953722039
81257441077
174869868883
110270768791
137799467941
85277263261
105712718269
159610767259
107091251437
107169134251
94221212803
84038579683
98333516779
95838899179
92424008641
126179589187
124282345639
199016785879
142580874109
95672666461
198622241959
195850468837
122154305197
195451913353
187467106129
100859633239
195563355331
134300268943
137301778027
147201726673
92464680883
87982229479
89050866871
177201533281
99260423887
125220495919
86954841769
116342687371
88826072323
140817078049
144586201831
85227624991
126370097437
95715895159
86021121019
115015903897
86074569019
147520039801
115633064977
87248604973
116114820727
86984686909
126307566283
167325051427
158344631143
155988888931
142943542933
144312635431
109787607931
93882932887
87314695357
163459072597
105593212999
123585047149
93850977613
199190502109
89072821417
185003297617
97634068069
98829828319
149837525833
113282464387
151964585107
88775191909
89133056041
102962132869
94857882439
92611735987
135865904257
90721957981
96313042381
108275447281
177953305513
178166296219
196269972907
101005826941
89652320689
161543380111
186545766961
135449145259
98991624577
123190536577
136303636591
89493264121
116825044603
94843843837
113983448443
91542897301
92948310391
96984017887
148530856657
144595583917
159541343869
96511709389
92205605497
90710747221
145607998981
91352401633
127497034519
92053356511
135440157121
128922257983
94099256791
133588881841
91183918099
150244783459
113817227647
116115260719
102721173547
172704307387
97945846807
101716742137
113480036041
92431905817
92348979967
103022845951
122509754011
112146666241
120972257113
145395183217
95576506171
156307107127
112887366583
156060843667
127491899149
115007897647
120194602399
93808815493
108173640667
122290807117
127597782721
171332335039
94693563301
128853052357
94706076427
195476732551
120906989311
143967992107
108511133911
130289378467
103088238241
116085198469
94926685879
122640276007
95290287457
118031000611
95419055551
112290154861
118478619811
96356327491
174163080691
109609139329
107835682657
183114710671
104189508937
186758133817
97765897783
159178223353
98150145427
156529446061
98001952897
185682032257
157319226319
100893399517
97740078907
102170836783
119633300821
138648750061
169017485677
115501388479
121049498023
187646406403
109321915711
116051466163
160595049529
104198902207
116501237407
156122665297
172947495631
103613575711
133889749561
122076713191
128413735789
133826387323
104237627719
100388985061
124820812651
106088919511
124694360389
169694163697
112833490249
159918564271
112426333339
148397714671
138038172997
106110663097
117817919719
130051492621
142596112639
138829444609
127180829959
156493079797
107303231227
115281246343
102076404181
104674191961
172460687017
104740173331
125657651629
189284616109
109280627431
161829855769
118786827739
193748133853
156539486419
106624808617
104087918821
164897126671
196364461087
129088685749
186861778357
105406983727
109834474261
109227194347
141357533071
104950268851
104292988609
104672833501
110189461873
190836927277
178025569429
123461665153
116416025599
108538759321
119069005441
113185788013
109396992811
179836545907
110422989013
106192095661
122961734239
160770322021
183947726821
107706876241
165156654667
120501156361
108503889943
136159802101
136678355617
107905420057
112055808661
106662493633
180631074289
144750250219
113326632511
111158491063
110780291431
171789686923
118256240911
107440875319
112318513627
128694679123
116881438987
128753367637
136299426649
108567524497
162224445787
110161325497
114903329161
113942824141
111046760527
110450505001
109260768517
110687716357
178999068217
153746511517
109785476767
163235377579
148388482939
130438759531
155907159241
121209051811
123191285143
142335104521
196462824169
110562732103
120655195699
117598045657
131443686301
117811457191
161513229667
145006221307
134568016987
138527335867
112205244649
166146353491
111682482367
116162078323
111799020127
169229327863
116032815697
146765694307
124890123667
121367826397
177378315451
195694675411
142479693553
187430830861
146126065837
120989627221
131869125697
114332064799
123625286947
195560416507
114803994469
123154710433
114335038003
155335485847
118318500661
118269622741
153355414477
119306814943
125858902471
136079664709
174289032121
117394793797
116118035731
115507708429
145147808719
189870354031
126163170127
119232938353
122688160099
129102928807
128070256999
182539157659
120587441179
117734828611
193670100373
134074626769
122164086241
117830561323
121879622461
118093416241
120263135611
119027557147
118624927423
119607953557
118893760807
120360211201
188542221331
179653029277
148862541031
173166559933
135879981511
123941951059
121391306713
194533518037
122801852191
181979916511
192101924659
151345371451
146862684931
121789928209
129651601237
122895210859
137207127529
133412470657
162203300401
172458947821
195929320837
175158104197
127611037597
126408586981
130598153761
174132534577
197818066681
196170436543
196869808441
145159167229
162897168631
190110404569
157048865767
128799934411
141556857889
142859085211
150598442749
169191108391
159623754151
148589294179
189811658473
131564868637
128116343191
152679343783
190193646217
130062180067
162788669149
194479222549
154805122669
130193241037
129232147747
131401286167
165353268991
186162165499
148555000183
169781615551
160149116839
158176713217
141958849183
196553006761
174067516561
165889950871
131451031993
135983001559
165487383517
140652262921
160786323829
132615600961
154943028337
133091097259
167484908893
190070729923
138008831377
143171032027
157009994467
196509863521
164812487269
136983544447
138238280077
137168238901
153961218121
137193695053
138524925883
143847043159
141767306623
144296666671
157680046081
160966776469
154774178677
138169045939
147166722949
176639749393
143748859171
156145926991
180702744619
139522483117
143711065387
139589761141
198723649141
139533809593
186975272317
139817450239
159034119577
156510411103
140757044917
180167782117
169518892531
156916158517
140961757987
169217432959
148252485811
141880821937
161015067781
145932146221
143429307787
178720519531
176891797021
193073276551
144451784317
148565077543
146571971521
144363956323
168365615881
144411188683
145377836059
181145125963
194091856141
181518217843
146097344317
146527215223
146207561917
154293222469
192404773381
149214971569
185518647967
152153316967
146539473403
147857693161
165541393291
176882027407
150194480881
179987625553
149292902767
150403830169
151433912767
151523980789
192030352177
190312119661
154197946297
150259864831
156985758463
150078859141
153651624979
184149916861
151397820331
155027525407
194659715839
163864141087
158026363951
150831062527
185362811329
153469091407
198636793447
163820132941
156864946477
160360140091
187172863879
176345320603
189272723611
156081476443
159085347991
174674742691
158249329339
171319083493
181419310021
198002077771
158871149581
165195018067
197062251157
189011542747
172637030749
181607791117
158873225989
163738683061
182485248709
181196136577
192523372429
177649702429
159621618379
159695944591
172450129441
163851105433
165719381491
163792109839
188973444631
163656166171
169207204693
184804479031
192794483659
185303982937
197361215377
164954788249
176903887747
164207452501
165121059559
173875565053
195622745761
179569459621
167442491803
192937953937
166578978277
177070927867
177200867929
199225969867
194186845399
170347328341
199853572861
169646867977
189788965801
178785993667
180820519507
178600578529
171070957201
186856377583
171409869259
193152372877
178471340893
186036908149
199861938811
174047086561
174279149617
180069130459
195816685513
186096130333
196256223853
188449218301
186208447543
186959474113
176846157769
190761587833
178126000807
176136836539
194694407521
182786149339
176508539509
181924198483
177328014529
177967938667
195234585079
181506545959
182507490931
188100087163
181759104313
197278438267
192413678059
183057087361
196889529961
183063241243
185411181919
187857198409
194810489617
197021784877
191949732391
184326492211
185508148171
183663000049
186292820041
185447567551
188737987351
190906248667
186443788471
196542695497
189215694553
188645307637
191186411641
191318978701
198384379357
191628728521
193788209161
192834934447
199603075591
195261095047
195863554723
196964242339
198611664661
time 0.460
test sum 286828184937440
255
21845
335923
286331153
5574929
3817309
17632421
29087939
167743
34659121499
3902867
184912177
3415005551
17401399289
55762723
117836861171
34222741129
29709553147
10093049
3423145679
286114253
61453331837
17872005341
43072350809
108197489
108461832103
97566000451
11936587651
9153262967
14531904773
78160215977
21348695663
15406265131
132550268551
64232837453
36415854091
143850557051
49637370089
65535
1431655765
27874645
40955154631
23809671461
1601953369
37013386447
4294967295
83623935
288084712410001
runtime 4.960000 secs
