10 9876543150 9876543150
11 135802467955 145679011105
12 12345678950 158024690055
13 192592590892 350617280947
14 14814814729 365432095676
15 14814814729 380246910405
16 18518518368 398765428773
17 335802466131 734567894904
18 19753086284 754320981188
19 422222218456 1176543199644
20 22222222084 1198765421728
21 22222222084 1220987643812
22 24691357856 1245679001668
23 624691352432 1870370354100
24 27160493667 1897530847767
25 29629629385 1927160477152
26 29629629419 1956790106571
27 32098765158 1988888871729
28 32098765158 2020987636887
29 1002469126738 3023456763625
30 34567900965 3058024664590
31 1148148137793 4206172802383
32 38271604608 4244444406991
33 38271604608 4282716011599
34 39506172551 4322222184150
35 39506172551 4361728356701
36 41975308284 4403703664985
37 1644444429591 6048148094576
38 44444444141 6092592538717
39 44444444141 6137036982858
40 46913579840 6183950562698
41 2024691339723 8208641902421
42 49382715721 8258024618142
43 2229629609469 10487654227611
44 51851851473 10539506079084
45 51851851473 10591357930557
46 54320987265 10645678917822
47 2669135778274 13314814696096
48 56790123030 13371604819126
49 59259258758 13430864077884
50 59259258758 13490123336642
51 59259258767 13549382595409
52 60493826626 13609876422035
53 3402469104999 17012345527034
54 64197530427 17076543057461
55 64197530427 17140740587888
56 66666666094 17207407253982
57 66666666119 17274073920101
58 69135801901 17343209722002
59 4224691319757 21567901041759
60 71604937767 21639505979526
61 4518518477644 26158024457170
62 74074073575 26232098530745
63 74074073575 26306172604320
64 77777777088 26383950381408
65 77777777088 26461728158496
66 79012344976 26540740503472
67 5459259209848 31999999713320
68 81481480969 32081481194289
69 81481480969 32162962675258
70 82716048644 32245678723902
71 6135802413655 38381481137557
72 86419752594 38467900890151
73 6488888829986 44956789720137
74 88888888219 45045678608356
75 88888888219 45134567496575
76 90123455994 45224690952569
77 90123455994 45314814408563
78 91358023876 45406172432439
79 7607407338417 53013579770856
80 96296295629 53109876066485
81 98765431221 53208641497706
82 98765431360 53307406929066
83 8402469059506 61709875988572
84 101234567140 61811110555712
85 101234567140 61912345122852
86 103703702860 62016048825712
87 103703702860 62119752528572
88 104938270672 62224690799244
89 9669135714747 71893826513991
90 108641974527 72002468488518
91 108641974527 72111110463045
92 108641974527 72219752437572
93 111111110160 72330863547732
94 113580245966 72444443793698
95 113580245966 72558024039664
96 116049381674 72674073421338
97 11496296191971 84170369613309
98 118518517733 84288888131042
99 118518517733 84407406648775
100 119753085350 84527159734125
101 12469135689303 96996295423428
102 123456789248 97119752212676
103 12970370252546 110090122465222
104 125925924988 110216048390210
105 125925924988 110341974315198
106 128395060695 110470369375893
107 14002469008594 124472838384487
108 130864196518 124603702581005
109 14533333201407 139137035782412
110 133333332438 139270369114850
111 133333332438 139403702447288
112 134567900032 139538270347320
113 15624691216066 155162961563386
114 138271603856 155301233167242
115 138271603856 155439504771098
116 138271603856 155577776374954
117 140740739481 155718517114435
118 143209875357 155861726989792
119 143209875357 156004936865149
120 143209875357 156148146740506
121 148148146850 156296294887356
122 148148147028 156444443034384
123 148148147028 156592591181412
124 148148147028 156740739328440
125 153086418375 156893825746815
126 153086418375 157046912165190
127 19755555376161 176802467541351
128 156790122048 176959257663399
129 156790122048 177116047785447
130 158024689950 177274072475397
131 21024691166962 198298763642359
132 160493825879 198459257468238
133 160493825879 198619751294117
134 162962961670 198782714255787
135 162962961670 198945677217457
136 165432097280 199111109314737
137 23002468926891 222113578241628
138 167901233376 222281479475004
139 23681481266258 245962960741262
140 170370369012 246133331110274
141 170370369012 246303701479286
142 172839504833 246476540984119
143 172839504833 246649380488952
144 175308640396 246824689129348
145 175308640396 246999997769744
146 177777776292 247177775546036
147 177777776292 247355553322328
148 179012344072 247534565666400
149 27224691110727 274759256777127
150 182716048098 274941972825225
151 27962962708953 302904935534178
152 185185183846 303090120718024
153 185185183846 303275305901870
154 185185183846 303460491085716
155 187654319305 303648145405021
156 187654319305 303835799724326
157 30237036762351 334072836486677
158 192592591271 334265429077948
159 192592591271 334458021669219
160 195061726642 334653083395861
161 195061726642 334848145122503
162 197530862427 335045675984930
163 32599999703829 367645675688759
164 199999998528 367845675687287
165 199999998528 368045675685815
166 202469134197 368248144820012
167 34224691047081 402472835867093
168 204938270090 402677774137183
169 207407405582 402885181542765
170 207407405582 403092588948347
171 207407405582 403299996353929
172 207407405677 403507403759606
173 36735802135186 440243205894792
174 212345677353 440455551572145
175 212345677353 440667897249498
176 213580244992 440881477494490
177 214814813006 441096292307496
178 217283948876 441313576256372
179 39335802111538 480649378367910
180 219753084656 480869131452566
181 40222221856743 521091353309309
182 222222220394 521313575529703
183 222222220394 521535797750097
184 222222220394 521758019970491
185 222222220394 521980242190885
186 223456788112 522203698978997
187 223456788112 522427155767109
188 227160491838 522654316258947
189 229629627567 522883945886514
190 229629627567 523113575514081
191 44802468728673 567916044242754
192 234567899526 568150612142280
193 45748147732419 613898759874699
194 237037035424 614135796910123
195 237037035424 614372833945547
196 238271602786 614611105548333
197 47669135369468 662280240917801
198 241975307047 662522216224848
199 48644444002377 711166660227225
200 244444442766 711411104669991
201 244444442766 711655549112757
202 246913578294 711902462691051
203 246913578294 712149376269345
204 246913578294 712396289847639
205 246913578294 712643203425933
206 251851849770 712895055275703
207 251851849770 713146907125473
208 253086417468 713399993542941
209 253086417468 713653079960409
210 254320985360 713907400945769
211 54703703206533 768611104152302
212 259259257460 768870363409762
213 259259257460 769129622667222
214 261728392929 769391351060151
215 261728392929 769653079453080
216 261728392929 769914807846009
217 261728392929 770176536238938
218 266666664440 770443202903378
219 266666664440 770709869567818
220 266666664440 770976536232258
221 266666664440 771243202896698
222 266666664440 771509869561138
223 61118517963009 832628387524147
224 274074072222 832902461596369
225 274074072222 833176535668591
226 276543207486 833453078876077
227 63335801893234 896788880769311
228 279012343382 897067893112693
229 64459258673138 961527151785831
230 281481479185 961808633265016
231 281481479185 962090114744201
232 281481479185 962371596223386
233 66735801862306 1029107398085692
234 286419750861 1029393817836553
235 286419750861 1029680237587414
236 286419750861 1029966657338275
237 288888886492 1030255546224767
238 288888886492 1030544435111259
239 70224690719697 1100769125830956
240 293827158304 1101062952989260
241 71407406758323 1172470359747583
242 296296294164 1172766656041747
243 298765429398 1173065421471145
244 298765429398 1173364186900543
245 298765429398 1173662952329941
246 301234565187 1173964186895128
247 301234565187 1174265421460315
248 301234565187 1174566656025502
249 303703701088 1174870359726590
250 306172836750 1175176532563340
251 77469135098253 1252645667661593
252 308641973045 1252954309634638
253 308641973045 1253262951607683
254 311111108536 1253574062716219
255 311111108536 1253885173824755
256 314814811968 1254199988636723
257 81224690619651 1335424679256374
258 316049380382 1335740728636756
259 316049380382 1336056778017138
260 318518515640 1336375296532778
261 318518515640 1336693815048418
262 320987651627 1337014802700045
263 85069135029129 1422083937729174
264 323456787834 1422407394517008
265 323456787834 1422730851304842
266 324691355090 1423055542659932
267 325925923225 1423381468583157
268 327160490868 1423708629074025
269 89002468326418 1512711097400443
270 330864194980 1513041961595423
271 90333332512113 1603375294107536
272 333333330861 1603708627438397
273 333333330861 1604041960769258
274 335802466478 1604377763235736
275 335802466478 1604713565702214
276 337037033986 1605050602736200
277 94385184327111 1699435787063311
278 340740738413 1699776527801724
279 340740738413 1700117268540137
280 341975305552 1700459243845689
281 97135801586043 1797595045431732
282 345679009772 1797940724441504
283 98525925029906 1896466649471410
284 348148145463 1896814797616873
285 348148145463 1897162945762336
286 348148145463 1897511093907799
287 348148145463 1897859242053262
288 353086416560 1898212328469822
289 355555552398 1898567884022220
290 355555552398 1898923439574618
291 355555552520 1899278995127138
292 356790120228 1899635785247366
293 105624690397719 2005260475645085
294 360493824550 2005620969469635
295 360493824550 2005981463294185
296 361728391788 2006343191685973
297 362962959687 2006706154645660
298 365432095898 2007071586741558
299 365432095898 2007437018837456
300 365432095898 2007802450933354
301 365432095898 2008167883029252
302 370370367390 2008538253396642
303 370370367390 2008908623764032
304 371604934908 2009280228698940
305 371604934908 2009651833633848
306 375308638631 2010027142272479
307 115977776722994 2126004918995473
308 377777774886 2126382696770359
309 377777774886 2126760474545245
310 377777774886 2127138252320131
311 119024690275522 2246162942595653
312 382716046420 2246545658642073
313 120562961866466 2367108620508539
314 385185182105 2367493805690644
315 385185182105 2367878990872749
316 385185182105 2368264176054854
317 123669134677714 2491933310732568
318 390123453852 2492323434186420
319 390123453852 2492713557640272
320 392592589040 2493106150229312
321 392592589233 2493498742818545
322 393827156932 2493892569975477
323 395061724864 2494287631700341
324 397530860598 2494685162560939
325 397530860598 2495082693421537
326 399999996730 2495482693418267
327 399999996730 2495882693414997
328 401234564272 2496283927979269
329 401234564272 2496685162543541
330 402469132164 2497087631675705
331 134851850625362 2631939482301067
332 407407404149 2632346889705216
333 407407404149 2632754297109365
334 409876539846 2633164173649211
335 409876539846 2633574050189057
336 411111107392 2633985161296449
337 139792591321154 2773777752617603
338 414814811445 2774192567429048
339 414814811445 2774607382240493
340 414814811445 2775022197051938
341 414814811445 2775437011863383
342 417283946841 2775854295810224
343 422222218425 2776276518028649
344 422222218425 2776698740247074
345 422222218425 2777120962465499
346 424691354533 2777545653820032
347 148224690009874 2925770343829906
348 427160490473 2926197504320379
349 149940739377327 3076138243697706
350 429629626701 3076567873324407
351 429629626701 3076997502951108
352 430864193626 3077428367144734
353 153402467740899 3230830834885633
354 434567898149 3231265402783782
355 434567898149 3231699970681931
356 434567898149 3232134538580080
357 437037033090 3232571575613170
358 439506169133 3233011081782303
359 158669134359298 3391680216141601
360 441975305256 3392122191446857
361 444444440464 3392566635887321
362 444444440607 3393011080327928
363 444444440607 3393455524768535
364 444444440607 3393899969209142
365 444444440607 3394344413649749
366 444444440607 3394788858090356
367 165829628121314 3560618486211670
368 451851848182 3561070338059852
369 451851848182 3561522189908034
370 451851848182 3561974041756216
371 451851848182 3562425893604398
372 453086415648 3562878980020046
373 171303702145959 3734182682166005
374 459259256007 3734641941422012
375 459259256007 3735101200678019
376 459259256007 3735560459934026
377 459259256007 3736019719190033
378 461728390887 3736481447580920
379 176866665057938 3913348112638858
380 466666662824 3913814779301682
381 466666662824 3914281445964506
382 469135798670 3914750581763176
383 180624689715106 4095375271478282
384 471604934691 4095846876412973
385 471604934691 4096318481347664
386 474074070269 4096792555417933
387 474074070269 4097266629488202
388 475308637672 4097741938125874
389 186335800774647 4284077738900521
390 479012342244 4284556751242765
391 479012342244 4285035763585009
392 481481477148 4285517245062157
393 481481477375 4285998726539532
394 483950613306 4286482677152838
395 483950613306 4286966627766144
396 483950613306 4287450578379450
397 194088887123474 4481539465502924
398 488888885153 4482028354388077
399 488888885153 4482517243273230
400 490123452352 4483007366725582
401 198024689556401 4681032056281983
402 493827156368 4681525883438351
403 493827156368 4682019710594719
404 493827156368 4682513537751087
405 496296291801 4683009834042888
406 496296291834 4683506130334722
407 496296291834 4684002426626556
408 498765427584 4684501192054140
409 206014812940489 4890516004994629
410 503703699283 4891019708693912
411 503703699443 4891523412393355
412 503703699443 4892027116092798
413 503703699443 4892530819792241
414 506172834924 4893036992627165
415 506172835119 4893543165462284
416 509876538592 4894053042000876
417 511111106758 4894564153107634
418 511111106758 4895075264214392
419 216224689391218 5111299953605610
420 516049378751 5111816002984361
421 218296294311063 5330112297295424
422 518518514767 5330630815810191
423 518518514767 5331149334324958
424 518518514767 5331667852839725
425 518518514767 5332186371354492
426 519753081710 5332706124436202
427 519753081710 5333225877517912
428 523456785644 5333749334303556
429 523456785644 5334272791089200
430 523456785644 5334796247874844
431 228802467054562 5563598714929406
432 530864193415 5564129579122821
433 230933331232706 5795062910355527
434 533333328935 5795596243684462
435 533333328935 5796129577013397
436 533333328935 5796662910342332
437 533333328935 5797196243671267
438 533333328935 5797729577000202
439 237385183025858 6035114760026060
440 540740736496 6035655500762556
441 540740736496 6036196241499052
442 540740736496 6036736982235548
443 241735800269783 6278472782505331
444 545679007808 6279018461513139
445 545679007808 6279564140520947
446 548148143775 6280112288664722
447 548148143775 6280660436808497
448 549382711072 6281209819519569
449 248335800210178 6529545619729747
450 553086415353 6530098706145100
451 553086415353 6530651792560453
452 553086415353 6531204878975806
453 555555550783 6531760434526589
454 558024686764 6532318459213353
455 558024686764 6532876483900117
456 558024686764 6533434508586881
457 257274071733794 6790708580320675
458 562962958510 6791271543279185
459 562962958510 6791834506237695
460 562962958510 6792397469196205
461 261802466754322 7054199935950527
462 567901230070 7054767837180597
463 264081479079266 7318849316259863
464 570370365794 7319419686625657
465 570370365794 7319990056991451
466 572839501489 7320562896492940
467 268669133358514 7589232029851454
468 575308637359 7589807338488813
469 575308637359 7590382647126172
470 575308637359 7590957955763531
471 577777772871 7591535733536402
472 577777772871 7592113511309273
473 577777772871 7592691289082144
474 577777772871 7593269066855015
475 577777772871 7593846844627886
476 580246908320 7594427091536206
477 580246908320 7595007338444526
478 587654316130 7595594992760656
479 282669133230659 7878264125991315
480 590123451895 7878854249443210
481 590123451895 7879444372895105
482 592592587846 7880036965482951
483 592592587846 7880629558070797
484 592592587846 7881222150658643
485 592592587846 7881814743246489
486 597530858784 7882412274105273
487 292199997341954 8174612271447227
488 599999995515 8175212271442742
489 599999995515 8175812271438257
490 599999995515 8176412271433772
491 297024688656082 8473436960089854
492 604938267027 8474041898356881
493 604938267027 8474646836623908
494 604938267027 8475251774890935
495 607407401904 8475859182292839
496 607407401904 8476466589694743
497 607407401923 8477073997096666
498 609876537681 8477683873634347
499 306792589801778 8784476463436125
500 614814810192 8785091278246317
501 614814810192 8785706093056509
502 617283945588 8786323377002097
503 311735799633849 9098059176635946
504 619753081949 9098678929717895
505 619753081949 9099298682799844
506 619753081949 9099918435881793
507 622222216616 9100540658098409
508 622222216945 9101162880315354
509 319224688454098 9420387568769452
510 627160488726 9421014729258178
511 627160488726 9421641889746904
512 630864191808 9422272753938712
513 630864191808 9422903618130520
514 632098760507 9423535716891027
515 632098760507 9424167815651534
516 634567895484 9424802383547018
517 634567895484 9425436951442502
518 635802463366 9426072753905868
519 637037031367 9426709790937235
520 639506167040 9427349297104275
521 334469132760363 9761818429864638
522 641975303880 9762460405168518
523 337044441378909 10099504846547427
524 644444439866 10100149290987293
525 644444439866 10100793735427159
526 646913574879 10101440649002038
527 646913574879 10102087562576917
528 649382710160 10102736945287077
529 651851845984 10103388797133061
530 651851845984 10104040648979045
531 651851845984 10104692500825029
532 653086413828 10105345587238857
533 653086413828 10105998673652685
534 654320981720 10106652994634405
535 654320982055 10107307315616460
536 658024685392 10107965340301852
537 659259253610 10108624599555462
538 661728389691 10109286327945153
539 661728389691 10109948056334844
540 661728389691 10110609784724535
541 360666663385682 10471276448110217
542 666666661621 10471943114771838
543 666666661621 10472609781433459
544 669135796404 10473278917229863
545 669135796404 10473948053026267
546 670370364292 10474618423390559
547 368718515164274 10843336938554833
548 674074068864 10844011012623697
549 674074068864 10844685086692561
550 674074068864 10845359160761425
551 674074068864 10846033234830289
552 679012339605 10846712247169894
553 679012339605 10847391259509499
554 681481475995 10848072740985494
555 681481475995 10848754222461489
556 681481475995 10849435703937484
557 382335798990437 11231771502927921
558 686419747067 11232457922674988
559 686419747067 11233144342422055
560 687654314748 11233831996736803
561 687654314748 11234519651051551
562 691358018982 11235211009070533
563 390624687805029 11625835696875562
564 693827155402 11626529524030964
565 693827155402 11627223351186366
566 696296290643 11627919647477009
567 696296290643 11628615943767652
568 696296290643 11629312240058295
569 399002465506587 12028314705564882
570 701234562713 12029015940127595
571 401814811160013 12430830751287608
572 703703698667 12431534454986275
573 703703698667 12432238158684942
574 703703698667 12432941862383609
575 706172833157 12433648035216766
576 708641968882 12434356677185648
577 410311107378434 12844667784564082
578 711111105443 12845378895669525
579 711111105443 12846090006774968
580 712345672552 12846802352447520
581 712345672552 12847514698120072
582 713580240440 12848228278360512
583 713580240440 12848941858600952
584 717283944108 12849659142545060
585 717283944108 12850376426489168
586 720987648221 12851097414137389
587 424669131939154 13275766546076543
588 723456784183 13276490002860726
589 723456784183 13277213459644909
590 723456784183 13277936916429092
591 725925919762 13278662842348854
592 727160487232 13279390002836086
593 433402465193619 13712792468029705
594 730864192070 13713523332221775
595 730864192070 13714254196413845
596 730864192070 13714985060605915
597 733333327104 13715718393933019
598 733333327104 13716451727260123
599 442224687334978 14158676414595101
600 738271598957 14159414686194058
601 445185181135202 14604599867329260
602 740740734902 14605340608064162
603 740740734902 14606081348799064
604 740740734902 14606822089533966
605 740740734902 14607562830268868
606 740740734902 14608303571003770
607 454125921794594 15062429492798364
608 748148142249 15063177640940613
609 748148142249 15063925789082862
610 748148142249 15064673937225111
611 748148142249 15065422085367360
612 750617277194 15066172702644554
613 463155551341453 15529328253986007
614 755555549282 15530083809535289
615 755555549282 15530839365084571
616 755555549282 15531594920633853
617 469224687089314 16000819607723167
618 760493821107 16001580101544274
619 472274069777618 16473854171321892
620 762962956884 16474617134278776
621 762962956884 16475380097235660
622 765432092529 16476145529328189
623 765432092529 16476910961420718
624 765432092529 16477676393513247
625 770370363380 16478446763876627
626 770370363897 16479217134240524
627 770370363897 16479987504604421
628 770370363897 16480757874968318
629 770370363897 16481528245332215
630 775308634945 16482303553967160
631 490777773312962 16973081327280122
632 777777771946 16973859105052068
633 777777771946 16974636882824014
634 780246907070 16975417129731084
635 780246907070 16976197376638154
636 780246907070 16976977623545224
637 780246907070 16977757870452294
638 780246907070 16978538117359364
639 780246907070 16979318364266434
640 787654313844 16980106018580278
641 506469131194882 17486575149775160
642 790123450849 17487365273226009
643 509637032400626 17997002305626635
644 792592586197 17997794898212832
645 792592586197 17998587490799029
646 792592586197 17999380083385226
647 516002464442121 18515382547827347
648 797530858250 18516180078685597
649 797530858250 18516977609543847
650 799999992755 18517777609536602
651 799999992755 18518577609529357
652 799999993134 18519377609522491
653 525624686576146 19045002296098637
654 804938265146 19045807234363783
655 804938265146 19046612172628929
656 806172832192 19047418345461121
657 806172832192 19048224518293313
658 807407400084 19049031925693397
659 535335797598239 19584367723291636
660 812345672205 19585180068963841
661 538592587692722 20123772656656563
662 814814808404 20124587471464967
663 814814808404 20125402286273371
664 814814808404 20126217101081775
665 814814808404 20127031915890179
666 816049375304 20127847965265483
667 816049375304 20128664014640787
668 819753079358 20129483767720145
669 822222215328 20130305989935473
670 822222215328 20131128212150801
671 822222215328 20131950434366129
672 825925918428 20132776360284557
673 558340735660513 20691117095945070
674 829629622618 20691946725567688
675 829629622618 20692776355190306
676 829629622618 20693605984812924
677 565002463996311 21258608448809235
678 834567895162 21259443016704397
679 834567895162 21260277584599559
680 834567895162 21261112152494721
681 837037029692 21261949189524413
682 837037029692 21262786226554105
683 575069130571389 21837855357125494
684 841975302658 21838697332428152
685 841975302658 21839539307730810
686 844444436801 21840383752167611
687 844444437097 21841228196604708
688 844444437097 21842072641041805
689 844444437097 21842917085478902
690 845679004672 21843762764483574
691 588629624275173 22432392388758747
692 851851845823 22433244240604570
693 851851845823 22434096092450393
694 854320980599 22434950413430992
695 854320980599 22435804734411591
696 854320980599 22436659055392190
697 854320980599 22437513376372789
698 859259252355 22438372635625144
699 859259252355 22439231894877499
700 859259252355 22440091154129854
701 605802463624402 23045893617754256
702 864197524039 23046757815278295
703 864197524039 23047622012802334
704 865432090912 23048487444893246
705 865432090912 23049352876984158
706 869135795592 23050222012779750
707 869135795592 23051091148575342
708 869135795592 23051960284370934
709 619718512880498 23671678797251432
710 874074067199 23672552871318631
711 874074067199 23673426945385830
712 874074067199 23674301019453029
713 874074067199 23675175093520228
714 875308634034 23676050402154262
715 875308634034 23676925710788296
716 879012338087 23677804723126383
717 881481473717 23678686204600100
718 883950609794 23679570155209894
719 637335796670818 24316905951880712
720 886419746051 24317792371626763
721 886419746051 24318678791372814
722 888888880890 24319567680253704
723 888888881046 24320456569134750
724 888888881046 24321345458015796
725 888888881046 24322234346896842
726 888888881046 24323123235777888
727 651607401479234 24974730637257122
728 896296289348 24975626933546470
729 898765423944 24976525698970414
730 898765423944 24977424464394358
731 898765423944 24978323229818302
732 901234559724 24979224464378026
733 662414808788306 25641639273166332
734 903703696392 25642542976862724
735 903703696392 25643446680559116
736 903703696392 25644350384255508
737 903703696392 25645254087951900
738 908641967064 25646162729918964
739 673311104985458 26319473834904422
740 911111103961 26320384946008383
741 911111103961 26321296057112344
742 911111103961 26322207168216305
743 680624685165083 27002831853381388
744 916049374956 27003747902756344
745 916049374956 27004663952131300
746 918518510895 27005582470642195
747 918518510895 27006500989153090
748 918518510895 27007419507663985
749 918518510895 27008338026174880
750 923456781750 27009261482956630
751 695370364044002 27704631847000632
752 925925918743 27705557772919375
753 925925918743 27706483698838118
754 925925918743 27707409624756861
755 928395053305 27708338019810166
756 930864189087 27709268883999253
757 706533326906151 28415802210905404
758 933333326411 28416735544231815
759 933333326411 28417668877558226
760 933333326411 28418602210884637
761 714024684861922 29132626895746559
762 938271597795 29133565167344354
763 938271597795 29134503438942149
764 938271597795 29135441710539944
765 940740732210 29136382451272154
766 943209868616 29137325661140770
767 943209868616 29138268871009386
768 945679003760 29139214550013146
769 729125919292418 29868340469305564
770 948148140968 29869288617446532
771 948148140968 29870236765587500
772 949382707432 29871186148294932
773 736735795766386 30607921944061318
774 953086412167 30608875030473485
775 953086412167 30609828116885652
776 954320978992 30610782437864644
777 954320978992 30611736758843636
778 958024683321 30612694783526957
779 958024683321 30613652808210278
780 958024683321 30614610832893599
781 958024683321 30615568857576920
782 959259250554 30616528116827474
783 962962954221 30617491079781695
784 964197522112 30618455277303807
785 964197522112 30619419474825919
786 965432090010 30620384906915929
787 763681474534341 31384066381450270
788 970370363317 31385036751813587
789 970370363317 31386007122176904
790 970370363317 31386977492540221
791 970370363317 31387947862903538
792 972839497338 31388920702400876
793 972839497338 31389893541898214
794 977777769512 31390871319667726
795 977777769512 31391849097437238
796 977777769512 31392826875206750
797 783224684231477 32176051559438227
798 982716040984 32177034275479211
799 982716040984 32178016991520195
800 983950608350 32179000942128545
801 983950608350 32179984892736895
802 987654312736 32180972547049631
803 987654312736 32181960201362367
804 987654312736 32182947855675103
805 987654312736 32183935509987839
806 988888879912 32184924398867751
807 992592584133 32185916991451884
808 992592584133 32186909584036017
809 807002461793698 32993912045829715
810 997530856650 32994909576686365
811 810999992621522 33805909569307887
812 999999992143 33806909569300030
813 999999992143 33807909569292173
814 999999992143 33808909569284316
815 999999992143 33809909569276459
816 1002469126707 33810912038403166
817 1002469126707 33811914507529873
818 1007407398566 33812921914928439
819 1007407398566 33813929322327005
820 1007407398566 33814936729725571
821 831135794906621 34646072524632192
822 1012345670434 34647084870302626
823 835192584993986 35482277455296612
824 1014814806807 35483292270103419
825 1014814806807 35484307084910226
826 1014814806807 35485321899717033
827 843335794796434 36328657694513467
828 1019753078755 36329677447592222
829 847422214511509 37177099662103731
830 1022222213285 37178121884317016
831 1022222213577 37179144106530593
832 1023456780830 37180167563311423
833 1023456780830 37181191020092253
834 1024691348720 37182215711440973
835 1024691349114 37183240402790087
836 1027160484500 37184267563274587
837 1029629620287 37185297192894874
838 1032098756664 37186329291651538
839 868002461238658 38054331752890196
840 1034567893024 38055366320783220
841 1037037027674 38056403357810894
842 1037037028271 38057440394839165
843 1037037028271 38058477431867436
844 1037037028271 38059514468895707
845 1037037028271 38060551505923978
846 1039506163401 38061591012087379
847 1039506163401 38062630518250780
848 1041975299180 38063672493549960
849 1044444435540 38064716937985500
850 1044444435540 38065761382421040
851 1044444435540 38066805826856580
852 1045679002854 38067851505859434
853 897229621467399 38965081127326833
854 1051851844504 38966132979171337
855 1051851844504 38967184831015841
856 1051851844504 38968236682860345
857 905669127563451 39873905810423796
858 1056790115811 39874962600539607
859 909903695425298 40784866295964905
860 1059259250684 40785925555215589
861 1059259250684 40786984814466273
862 1061728385968 40788046542852241
863 918402460780066 41706449003632307
864 1064197522694 41707513201155001
865 1064197522694 41708577398677695
866 1066666657437 41709644065335132
867 1066666657437 41710710731992569
868 1066666657437 41711777398650006
869 1066666657437 41712844065307443
870 1071604928639 41713915670236082
871 1071604928639 41714987275164721
872 1071604928639 41716058880093360
873 1071604928639 41717130485021999
874 1071604928639 41718202089950638
875 1076543200110 41719278633150748
876 1076543200110 41720355176350858
877 948459250630911 42668814426981769
878 1081481473475 42669895908455244
879 1081481473475 42670977389928719
880 1081481473475 42672058871402194
881 957135793760962 43629194665163156
882 1086419744646 43630281084907802
883 961488880141106 44591769965048908
884 1088888880420 44592858853929328
885 1088888880420 44593947742809748
886 1091358015173 44595039100824921
887 970224682530754 45565263783355675
888 1093827151915 45566357610507590
889 1093827151915 45567451437659505
890 1093827151915 45568545264811420
891 1096296286350 45569641561097770
892 1096296286881 45570737857384651
893 1096296286881 45571834153671532
894 1098765422127 45572932919093659
895 1098765422385 45574031684516044
896 1102469125788 45575134153641832
897 1102469125788 45576236622767620
898 1106172829808 45577342795597428
899 1106172829808 45578448968427236
900 1106172829808 45579555141257044
901 1106172829808 45580661314086852
902 1107407397352 45581768721484204
903 1108641965247 45582877363449451
904 1111111101020 45583988474550471
905 1111111101246 45585099585651717
906 1112345668914 45586211931320631
907 1014496287066194 46600708218386825
908 1118518509552 46601826736896377
909 1118518509552 46602945255405929
910 1118518509552 46604063773915481
911 1023469126490722 47627532900406203
912 1123456781543 47628656357187746
913 1123456781543 47629779813969289
914 1125925916563 47630905739885852
915 1125925916563 47632031665802415
916 1125925916563 47633157591718978
917 1125925916563 47634283517635541
918 1128395051490 47635411912687031
919 1041533323856299 48676945236543330
920 1133333323771 48678078569867101
921 1133333323771 48679211903190872
922 1135802459218 48680347705650090
923 1135802459218 48681483508109308
924 1135802459218 48682619310568526
925 1135802459218 48683755113027744
926 1140740731125 48684895853758869
927 1140740731125 48686036594489994
928 1140740731125 48687177335221119
929 1064335792786467 49751513128007586
930 1145679004059 49752658807011645
931 1145679004059 49753804486015704
932 1145679004059 49754950165019763
933 1148148138327 49756098313158090
934 1150617274251 49757248930432341
935 1150617274251 49758399547706592
936 1150617274251 49759550164980843
937 1082755545705291 50842305710686134
938 1155555547029 50843461266233163
939 1155555547029 50844616821780192
940 1155555547029 50845772377327221
941 1092024681422482 51937797058749703
942 1160493817897 51938957552567600
943 1160493817897 51940118046385497
944 1160493817897 51941278540203394
945 1160493817897 51942439034021291
946 1160493817897 51943599527839188
947 1106002459072127 53049601986911315
948 1167901224863 53050769888136178
949 1167901224863 53051937789361041
950 1167901224863 53053105690585904
951 1170370360605 53054276060946509
952 1170370360605 53055446431307114
953 1120069125612699 54175515556919813
954 1175308633414 54176690865553227
955 1175308633414 54177866174186641
956 1175308633414 54179041482820055
957 1175308633414 54180216791453469
958 1180246903311 54181397038356780
959 1180246903311 54182577285260091
960 1180246903311 54183757532163402
961 1185185174482 54184942717337884
962 1185185174482 54186127902512366
963 1185185174482 54187313087686848
964 1185185174728 54188498272861576
965 1185185174804 54189683458036380
966 1185185174804 54190868643211184
967 1153237026544514 55344105669755698
968 1192592583631 55345298262339329
969 1192592583631 55346490854922960
970 1192592583631 55347683447506591
971 1162802458555271 56510485906061862
972 1197530853921 56511683436915783
973 1197530853921 56512880967769704
974 1199999989569 56514080967759273
975 1199999989569 56515280967748842
976 1199999989569 56516480967738411
977 1177224680646257 57693705648384668
978 1204938261043 57694910586645711
979 1204938261043 57696115524906754
980 1204938261043 57697320463167797
981 1207407396447 57698527870564244
982 1209876533072 57699737747097316
983 1191735791626306 58891473538723622
984 1212345669459 58892685884393081
985 1212345669459 58893898230062540
986 1212345669459 58895110575731999
987 1212345669459 58896322921401458
988 1212345669459 58897535267070917
989 1212345669459 58898747612740376
990 1217283939564 58899964896679940
991 1211222211202082 60111187107882022
992 1222222212992 60112409330095014
993 1222222212992 60113631552308006
994 1222222212992 60114853774520998
995 1222222212992 60116075996733990
996 1222222212992 60117298218946982
997 1225940729586674 61343238948533656
998 1229629620173 61344468578153829
999 1229629620173 61345698207774002
1000 1229629620173 61346927837394175
61346927837394175
