10 4938271590 4938271590
11 12345678950 17283950540
12 2469135798 29629629490
13 14814814729 44444444219
14 7407407378 59259258948
15 4938271590 74074073677
16 4938271574 88888888406
17 19753086284 108641974690
18 4938271578 128395060974
19 22222222084 150617283058
20 4938271590 172839505142
21 7407407378 195061727226
22 12345678950 217283949310
23 27160493667 244444442977
24 3703703680 271604936644
25 9876543150 298765430311
26 14814814729 325925923978
27 7407407358 353086417645
28 7407407378 380246911312
29 34567900965 414814812277
30 4938271590 449382713242
31 37037036782 486419750024
32 6172839470 523456786806
33 12345678950 560493823588
34 19753086284 597530860370
35 7407407378 634567897152
36 4938271578 671604933934
37 44444444141 716049378075
38 22222222084 760493822216
39 14814814729 804938266357
40 4938271590 849382710498
41 49382715721 898765426219
42 7407407378 948148141940
43 51851851473 999999993413
44 12345678950 1051851844886
45 4938271590 1103703696359
46 27160493667 1155555547832
47 56790123030 1212345670862
48 4938271574 1269135793892
49 14814814714 1325925916922
50 9876543150 1382716039952
51 19753086284 1439506162982
52 14814814729 1496296286012
53 64197530427 1560493816439
54 7407407358 1624691346866
55 12345678950 1688888877293
56 7407407378 1753086407720
57 22222222084 1817283938147
58 34567900965 1881481468574
59 71604937767 1953086406341
60 4938271590 2024691344108
61 74074073575 2098765417683
62 37037036782 2172839491258
63 7407407378 2246913564833
64 7407407356 2320987638408
65 14814814729 2395061711983
66 12345678950 2469135785558
67 81481480969 2550617266527
68 19753086284 2632098747496
69 27160493667 2713580228465
70 7407407378 2795061709434
71 86419752594 2881481462028
72 4938271578 2967901214622
73 88888888219 3056790102841
74 44444444141 3145678991060
75 9876543150 3234567879279
76 22222222084 3323456767498
77 12345678950 3412345655717
78 14814814729 3501234543936
79 96296295629 3597530839565
80 4938271590 3693827135194
81 9876543138 3790123430823
82 49382715721 3886419726452
83 101234567140 3987654293592
84 7407407378 4088888860732
85 19753086284 4190123427872
86 51851851473 4291357995012
87 34567900965 4392592562152
88 12345678950 4493827129292
89 108641974527 4602469103819
90 4938271590 4711111078346
91 14814814729 4819753052873
92 27160493667 4928395027400
93 37037036782 5037037001927
94 56790123030 5145678976454
95 22222222084 5254320950981
96 6172839470 5362962925508
97 118518517733 5481481443241
98 14814814714 5599999960974
99 12345678950 5718518478707
100 9876543150 5837036996440
101 123456789248 5960493785688
102 19753086284 6083950574936
103 125925924988 6209876499924
104 14814814729 6335802424912
105 7407407378 6461728349900
106 64197530427 6587654274888
107 130864196518 6718518471406
108 7407407358 6849382667924
109 133333332438 6982716000362
110 12345678950 7116049332800
111 44444444141 7249382665238
112 7407407378 7382715997676
113 138271603856 7520987601532
114 22222222084 7659259205388
115 27160493667 7797530809244
116 34567900965 7935802413100
117 14814814729 8074074016956
118 71604937767 8212345620812
119 19753086284 8350617224668
120 4938271590 8488888828524
121 24691357856 8627160432380
122 74074073575 8765432036236
123 49382715721 8903703640092
124 37037036782 9041975243948
125 14814814705 9180246847804
126 7407407378 9318518451660
127 155555554522 9474074006182
128 8641975244 9629629560704
129 51851851473 9785185115226
130 14814814729 9940740669748
131 160493825879 10101234495627
132 12345678950 10261728321506
133 22222222084 10422222147385
134 81481480969 10582715973264
135 7407407358 10743209799143
136 19753086284 10903703625022
137 167901233376 11071604858398
138 27160493667 11239506091774
139 170370369012 11409876460786
140 7407407378 11580246829798
141 56790123030 11750617198810
142 86419752594 11920987567822
143 14814814729 12091357936834
144 4938271578 12261728305846
145 34567900965 12432098674858
146 88888888219 12602469043870
147 14814814714 12772839412882
148 44444444141 12943209781894
149 182716048098 13125925829992
150 9876543150 13308641878090
151 185185183846 13493827061936
152 22222222084 13679012245782
153 19753086284 13864197429628
154 12345678950 14049382613474
155 37037036782 14234567797320
156 14814814729 14419752981166
157 192592591271 14612345572437
158 96296295629 14804938163708
159 64197530427 14997530754979
160 6172839470 15190123346250
161 27160493667 15382715937521
162 9876543138 15575308528792
163 199999998528 15775308527320
164 49382715721 15975308525848
165 12345678950 16175308524376
166 101234567140 16375308522904
167 204938270090 16580246792994
168 7407407378 16785185063084
169 29629629419 16990123333174
170 19753086284 17195061603264
171 22222222084 17399999873354
172 51851851473 17604938143444
173 212345677353 17817283820797
174 34567900965 18029629498150
175 9876543150 18241975175503
176 12345678950 18454320852856
177 71604937767 18666666530209
178 108641974527 18879012207562
179 219753084656 19098765292218
180 4938271590 19318518376874
181 222222220394 19540740597268
182 14814814729 19762962817662
183 74074073575 19985185038056
184 27160493667 20207407258450
185 44444444141 20429629478844
186 37037036782 20651851699238
187 19753086284 20874073919632
188 56790123030 21096296140026
189 7407407378 21318518360420
190 22222222084 21540740580814
191 234567899526 21775308480340
192 7407407356 22009876379866
193 237037035424 22246913415290
194 118518517733 22483950450714
195 14814814729 22720987486138
196 14814814714 22958024521562
197 241975307047 23199999828609
198 12345678950 23441975135656
199 244444442766 23686419578422
200 9876543150 23930864021188
201 81481480969 24175308463954
202 123456789248 24419752906720
203 34567900965 24664197349486
204 19753086284 24908641792252
205 49382715721 25153086235018
206 125925924988 25397530677784
207 27160493667 25641975120550
208 14814814729 25886419563316
209 22222222084 26130864006082
210 7407407378 26375308448848
211 259259257460 26634567706308
212 64197530427 26893826963768
213 86419752594 27153086221228
214 130864196518 27412345478688
215 51851851473 27671604736148
216 7407407358 27930863993608
217 37037036782 28190123251068
218 133333332438 28449382508528
219 88888888219 28708641765988
220 12345678950 28967901023448
221 19753086284 29227160280908
222 44444444141 29486419538368
223 274074072222 29760493610590
224 7407407378 30034567682812
225 9876543150 30308641755034
226 138271603856 30582715827256
227 279012343382 30861728170638
228 22222222084 31140740514020
229 281481479185 31422221993205
230 27160493667 31703703472390
231 12345678950 31985184951575
232 34567900965 32266666430760
233 286419750861 32553086181621
234 14814814729 32839505932482
235 56790123030 33125925683343
236 71604937767 33412345434204
237 96296295629 33698765185065
238 19753086284 33985184935926
239 293827158304 34279012094230
240 4938271590 34572839252534
241 296296294164 34869135546698
242 24691357856 35165431840862
243 12345678918 35461728135026
244 74074073575 35758024429190
245 14814814714 36054320723354
246 49382715721 36350617017518
247 22222222084 36646913311682
248 37037036782 36943209605846
249 101234567140 37239505900010
250 14814814705 37535802194174
251 308641973045 37844444167219
252 7407407378 38153086140264
253 27160493667 38461728113309
254 155555554522 38770370086354
255 19753086284 39079012059399
256 9876543136 39387654032444
257 316049380382 39703703412826
258 51851851473 40019752793208
259 44444444141 40335802173590
260 14814814729 40651851553972
261 34567900965 40967900934354
262 160493825879 41283950314736
263 323456787834 41607407102570
264 12345678950 41930863890404
265 64197530427 42254320678238
266 22222222084 42577777466072
267 108641974527 42901234253906
268 81481480969 43224691041740
269 330864194980 43555555236720
270 7407407358 43886419431700
271 333333330861 44219752762561
272 19753086284 44553086093422
273 14814814729 44886419424283
274 167901233376 45219752755144
275 12345678950 45553086086005
276 27160493667 45886419416866
277 340740738413 46227160155279
278 170370369012 46567900893692
279 37037036782 46908641632105
280 7407407378 47249382370518
281 345679009772 47595061380290
282 56790123030 47940740390062
283 348148145463 48288888535525
284 86419752594 48637036680988
285 22222222084 48985184826451
286 14814814729 49333332971914
287 49382715721 49681481117377
288 6172839470 50029629262840
289 39506172551 50377777408303
290 34567900965 50725925553766
291 118518517733 51074073699229
292 88888888219 51422221844692
293 360493824550 51782715669242
294 14814814714 52143209493792
295 71604937767 52503703318342
296 44444444141 52864197142892
297 12345678950 53224690967442
298 182716048098 53585184791992
299 27160493667 53945678616542
300 9876543150 54306172441092
301 51851851473 54666666265642
302 185185183846 55027160090192
303 123456789248 55387653914742
304 22222222084 55748147739292
305 74074073575 56108641563842
306 19753086284 56469135388392
307 377777774886 56846913163278
308 12345678950 57224690938164
309 125925924988 57602468713050
310 37037036782 57980246487936
311 382716046420 58362962534356
312 14814814729 58745678580776
313 385185182105 59130863762881
314 192592591271 59516048944986
315 7407407378 59901234127091
316 96296295629 60286419309196
317 390123453852 60676542763048
318 64197530427 61066666216900
319 34567900965 61456789670752
320 7407407356 61846913124604
321 130864196518 62237036578456
322 27160493667 62627160032308
323 22222222084 63017283486160
324 9876543138 63407406940012
325 14814814729 63797530393864
326 199999998528 64187653847716
327 133333332438 64577777301568
328 49382715721 64967900755420
329 56790123030 65358024209272
330 12345678950 65748147663124
331 407407404149 66155555067273
332 101234567140 66562962471422
333 44444444141 66970369875571
334 204938270090 67377777279720
335 81481480969 67785184683869
336 7407407378 68192592088018
337 414814811445 68607406899463
338 29629629419 69022221710908
339 138271603856 69437036522353
340 19753086284 69851851333798
341 37037036782 70266666145243
342 22222222084 70681480956688
343 22222222064 71096295768133
344 51851851473 71511110579578
345 27160493667 71925925391023
346 212345677353 72340740202468
347 427160490473 72767900692941
348 34567900965 73195061183414
349 429629626701 73624690810115
350 9876543150 74054320436816
351 14814814729 74483950063517
352 12345678950 74913579690218
353 434567898149 75348147588367
354 71604937767 75782715486516
355 86419752594 76217283384665
356 108641974527 76651851282814
357 19753086284 77086419180963
358 219753084656 77520987079112
359 441975305256 77962962384368
360 4938271590 78404937689624
361 44444444111 78846912994880
362 222222220394 79288888300136
363 24691357856 79730863605392
364 14814814729 80172838910648
365 88888888219 80614814215904
366 74074073575 81056789521160
367 451851848182 81508641369342
368 27160493667 81960493217524
369 49382715721 82412345065706
370 44444444141 82864196913888
371 64197530427 83316048762070
372 37037036782 83767900610252
373 459259256007 84227159866259
374 19753086284 84686419122266
375 14814814705 85145678378273
376 56790123030 85604937634280
377 34567900965 86064196890287
378 7407407378 86523456146294
379 466666662824 86990122809118
380 22222222084 87456789471942
381 155555554522 87923456134766
382 234567899526 88390122797590
383 471604934691 88861727732281
384 8641975244 89333332666972
385 12345678950 89804937601663
386 237037035424 90276542536354
387 51851851473 90748147471045
388 118518517733 91219752405736
389 479012342244 91698764747980
390 14814814729 92177777090224
391 27160493667 92656789432468
392 14814814714 93135801774712
393 160493825879 93614814116956
394 241975307047 94093826459200
395 96296295629 94572838801444
396 12345678950 95051851143688
397 488888885153 95540740028841
398 244444442766 96029628913994
399 22222222084 96518517799147
400 9876543150 97007406684300
401 493827156368 97501233840668
402 81481480969 97995060997036
403 37037036782 98488888153404
404 123456789248 98982715309772
405 9876543138 99476542466140
406 34567900965 99970369622508
407 44444444141 100464196778876
408 19753086284 100958023935244
409 503703699283 101461727634527
410 49382715721 101965431333810
411 167901233376 102469135033093
412 125925924988 102972838732376
413 71604937767 103476542431659
414 27160493667 103980246130942
415 101234567140 104483949830225
416 14814814729 104987653529508
417 170370369012 105491357228791
418 22222222084 105995060928074
419 516049378751 106511110306825
420 7407407378 107027159685576
421 518518514767 107545678200343
422 259259257460 108064196715110
423 56790123030 108582715229877
424 64197530427 109101233744644
425 19753086284 109619752259411
426 86419752594 110138270774178
427 74074073575 110656789288945
428 130864196518 111175307803712
429 14814814729 111693826318479
430 51851851473 112212344833246
431 530864193415 112743209026661
432 7407407358 113274073220076
433 533333328935 113807406549011
434 37037036782 114340739877946
435 34567900965 114874073206881
436 133333332438 115407406535816
437 27160493667 115940739864751
438 88888888219 116474073193686
439 540740736496 117014813930182
440 12345678950 117555554666678
441 14814814714 118096295403174
442 19753086284 118637036139670
443 545679007808 119182715147478
444 44444444141 119728394155286
445 108641974527 120274073163094
446 274074072222 120819752170902
447 182716048098 121365431178710
448 7407407378 121911110186518
449 553086415353 122464196601871
450 9876543150 123017283017224
451 49382715721 123570369432577
452 138271603856 124123455847930
453 185185183846 124676542263283
454 279012343382 125229628678636
455 14814814729 125782715093989
456 22222222084 126335801509342
457 562962958510 126898764467852
458 281481479185 127461727426362
459 19753086284 128024690384872
460 27160493667 128587653343382
461 567901230070 129155554573452
462 12345678950 129723455803522
463 570370365794 130293826169316
464 34567900965 130864196535110
465 37037036782 131434566900904
466 286419750861 132004937266698
467 575308637359 132580245904057
468 14814814729 133155554541416
469 81481480969 133730863178775
470 56790123030 134306171816134
471 192592591271 134881480453493
472 71604937767 135456789090852
473 51851851473 136032097728211
474 96296295629 136607406365570
475 22222222084 137182715002929
476 19753086284 137758023640288
477 64197530427 138333332277647
478 293827158304 138908640915006
479 590123451895 139498764366901
480 6172839470 140088887818796
481 44444444141 140679011270691
482 296296294164 141269134722586
483 27160493667 141859258174481
484 24691357856 142449381626376
485 118518517733 143039505078271
486 12345678918 143629628530166
487 599999995515 144229628525681
488 74074073575 144829628521196
489 199999998528 145429628516711
490 14814814714 146029628512226
491 604938267027 146634566779253
492 49382715721 147239505046280
493 34567900965 147844443313307
494 22222222084 148449381580334
495 12345678950 149054319847361
496 37037036782 149659258114388
497 86419752594 150264196381415
498 101234567140 150869134648442
499 614814810192 151483949458634
500 14814814705 152098764268826
501 204938270090 152713579079018
502 308641973045 153328393889210
503 619753081949 153948146971159
504 7407407378 154567900053108
505 123456789248 155187653135057
506 27160493667 155807406217006
507 29629629419 156427159298955
508 155555554522 157046912380904
509 627160488726 157674072869630
510 19753086284 158301233358356
511 88888888219 158928393847082
512 11111111024 159555554335808
513 22222222084 160182714824534
514 316049380382 160809875313260
515 125925924988 161437035801986
516 51851851473 162064196290712
517 56790123030 162691356779438
518 44444444141 163318517268164
519 212345677353 163945677756890
520 14814814729 164572838245616
521 641975303880 165214813549496
522 34567900965 165856788853376
523 644444439866 166501233293242
524 160493825879 167145677733108
525 9876543150 167790122172974
526 323456787834 168434566612840
527 37037036782 169079011052706
528 12345678950 169723455492572
529 54320987265 170367899932438
530 64197530427 171012344372304
531 71604937767 171656788812170
532 22222222084 172301233252036
533 49382715721 172945677691902
534 108641974527 173590122131768
535 130864196518 174234566571634
536 81481480969 174879011011500
537 219753084656 175523455451366
538 330864194980 176167899891232
539 14814814714 176812344331098
540 7407407358 177456788770964
541 666666661621 178123455432585
542 333333330861 178790122094206
543 222222220394 179456788755827
544 19753086284 180123455417448
545 133333332438 180790122079069
546 14814814729 181456788740690
547 674074068864 182130862809554
548 167901233376 182804936878418
549 74074073575 183479010947282
550 12345678950 184153085016146
551 34567900965 184827159085010
552 27160493667 185501233153874
553 96296295629 186175307222738
554 340740738413 186849381291602
555 44444444141 187523455360466
556 170370369012 188197529429330
557 686419747067 188883949176397
558 37037036782 189570368923464
559 51851851473 190256788670531
560 7407407378 190943208417598
561 19753086284 191629628164665
562 345679009772 192316047911732
563 693827155402 193009875067134
564 56790123030 193703702222536
565 138271603856 194397529377938
566 348148145463 195091356533340
567 9876543138 195785183688742
568 86419752594 196479010844144
569 701234562713 197180245406857
570 22222222084 197881479969570
571 703703698667 198585183668237
572 14814814729 199288887366904
573 234567899526 199992591065571
574 49382715721 200696294764238
575 27160493667 201399998462905
576 7407407356 202103702161572
577 711111105443 202814813267015
578 39506172551 203525924372458
579 237037035424 204237035477901
580 34567900965 204948146583344
581 101234567140 205659257688787
582 118518517733 206370368794230
583 64197530427 207081479899673
584 88888888219 207792591005116
585 14814814729 208503702110559
586 360493824550 209214813216002
587 723456784183 209938270000185
588 14814814714 210661726784368
589 37037036782 211385183568551
590 71604937767 212108640352734
591 241975307047 212832097136917
592 44444444141 213555553921100
593 730864192070 214286418113170
594 12345678950 215017282305240
595 19753086284 215748146497310
596 182716048098 216479010689380
597 244444442766 217209874881450
598 27160493667 217940739073520
599 738271598957 218679010672477
600 9876543150 219417282271434
601 740740734902 220158023006336
602 51851851473 220898763741238
603 81481480969 221639504476140
604 185185183846 222380245211042
605 24691357856 223120985945944
606 123456789248 223861726680846
607 748148142249 224609874823095
608 22222222084 225358022965344
609 34567900965 226106171107593
610 74074073575 226854319249842
611 56790123030 227602467392091
612 19753086284 228350615534340
613 755555549282 229106171083622
614 377777774886 229861726632904
615 49382715721 230617282182186
616 12345678950 231372837731468
617 760493821107 232133331552575
618 125925924988 232893825373682
619 762962956884 233656788330566
620 37037036782 234419751287450
621 27160493667 235182714244334
622 382716046420 235945677201218
623 108641974527 236708640158102
624 14814814729 237471603114986
625 19753086270 238234566071870
626 385185182105 238997529028754
627 22222222084 239760491985638
628 192592591271 240523454942522
629 44444444141 241286417899406
630 7407407378 242049380856290
631 777777771946 242827158628236
632 96296295629 243604936400182
633 259259257460 244382714172128
634 390123453852 245160491944074
635 155555554522 245938269716020
636 64197530427 246716047487966
637 14814814729 247493825259912
638 34567900965 248271603031858
639 86419752594 249049380803804
640 8641975244 249827158575750
641 790123450849 250617282026599
642 130864196518 251407405477448
643 792592586197 252199998063645
644 27160493667 252992590649842
645 51851851473 253785183236039
646 22222222084 254577775822236
647 797530858250 255375306680486
648 9876543138 256172837538736
649 71604937767 256970368396986
650 14814814729 257767899255236
651 37037036782 258565430113486
652 199999998528 259362960971736
653 804938265146 260167899236882
654 133333332438 260972837502028
655 160493825879 261777775767174
656 49382715721 262582714032320
657 88888888219 263387652297466
658 56790123030 264192590562612
659 812345672205 265004936234817
660 12345678950 265817281907022
661 814814808404 266632096715426
662 407407404149 267446911523830
663 19753086284 268261726332234
664 101234567140 269076541140638
665 22222222084 269891355949042
666 44444444141 270706170757446
667 34567900965 271520985565850
668 204938270090 272335800374254
669 274074072222 273150615182658
670 81481480969 273965429991062
671 74074073575 274780244799466
672 7407407378 275595059607870
673 829629622618 276424689230488
674 414814811445 277254318853106
675 9876543150 278083948475724
676 29629629419 278913578098342
677 834567895162 279748145993504
678 138271603856 280582713888666
679 118518517733 281417281783828
680 19753086284 282251849678990
681 279012343382 283086417574152
682 37037036782 283920985469314
683 841975302658 284762960771972
684 22222222084 285604936074630
685 167901233376 286446911377288
686 22222222064 287288886679946
687 281481479185 288130861982604
688 51851851473 288972837285262
689 64197530427 289814812587920
690 27160493667 290656787890578
691 851851845823 291508639736401
692 212345677353 292360491582224
693 12345678950 293212343428047
694 427160490473 294064195273870
695 170370369012 294916047119693
696 34567900965 295767898965516
697 49382715721 296619750811339
698 429629626701 297471602657162
699 286419750861 298323454502985
700 9876543150 299175306348808
701 864197524039 300039503872847
702 14814814729 300903701396886
703 44444444141 301767898920925
704 12345678950 302632096444964
705 56790123030 303496293969003
706 434567898149 304360491493042
707 123456789248 305224689017081
708 71604937767 306088886541120
709 874074067199 306962960608319
710 86419752594 307837034675518
711 96296295629 308711108742717
712 108641974527 309585182809916
713 37037036782 310459256877115
714 19753086284 311333330944314
715 14814814729 312207405011513
716 219753084656 313081479078712
717 293827158304 313955553145911
718 441975305256 314829627213110
719 886419746051 315716046959161
720 4938271590 316602466705212
721 125925924988 317488886451263
722 44444444111 318375306197314
723 296296294164 319261725943365
724 222222220394 320148145689416
725 34567900965 321034565435467
726 24691357856 321920985181518
727 896296289348 322817281470866
728 14814814729 323713577760214
729 14814814698 324609874049562
730 88888888219 325506170338910
731 51851851473 326402466628258
732 74074073575 327298762917606
733 903703696392 328202466613998
734 451851848182 329106170310390
735 14814814714 330009874006782
736 27160493667 330913577703174
737 81481480969 331817281399566
738 49382715721 332720985095958
739 911111103961 333632096199919
740 44444444141 334543207303880
741 22222222084 335454318407841
742 64197530427 336365429511802
743 916049374956 337281478886758
744 37037036782 338197528261714
745 182716048098 339113577636670
746 459259256007 340029627011626
747 101234567140 340945676386582
748 19753086284 341861725761538
749 130864196518 342777775136494
750 14814814705 343693824511450
751 925925918743 344619750430193
752 56790123030 345545676348936
753 308641973045 346471602267679
754 34567900965 347397528186422
755 185185183846 348323454105165
756 7407407378 349249380023908
757 933333326411 350182713350319
758 466666662824 351116046676730
759 27160493667 352049380003141
760 22222222084 352982713329552
761 938271597795 353920984927347
762 155555554522 354859256525142
763 133333332438 355797528122937
764 234567899526 356735799720732
765 19753086284 357674071318527
766 471604934691 358612342916322
767 71604937767 359550614514117
768 9876543136 360488886111912
769 948148140968 361437034252880
770 12345678950 362385182393848
771 316049380382 363333330534816
772 237037035424 364281478675784
773 953086412167 365234565087951
774 51851851473 366187651500118
775 37037036782 367140737912285
776 118518517733 368093824324452
777 44444444141 369046910736619
778 479012342244 369999997148786
779 49382715721 370953083560953
780 14814814729 371906169973120
781 86419752594 372859256385287
782 27160493667 373812342797454
783 34567900965 374765429209621
784 14814814714 375718515621788
785 192592591271 376671602033955
786 160493825879 377624688446122
787 970370363317 378595058809439
788 241975307047 379565429172756
789 323456787834 380535799536073
790 96296295629 381506169899390
791 138271603856 382476540262707
792 12345678950 383446910626024
793 74074073575 384417280989341
794 488888885153 385387651352658
795 64197530427 386358021715975
796 244444442766 387328392079292
797 982716040984 388311108120276
798 22222222084 389293824161260
799 56790123030 390276540202244
800 9876543150 391259256243228
801 108641974527 392241972284212
802 493827156368 393224688325196
803 88888888219 394207404366180
804 81481480969 395190120407164
805 27160493667 396172836448148
806 37037036782 397155552489132
807 330864194980 398138268530116
808 123456789248 399120984571100
809 997530856650 400118515427750
810 9876543138 401116046284400
811 999999992143 402116046276543
812 34567900965 403116046268686
813 333333330861 404116046260829
814 44444444141 405116046252972
815 199999998528 406116046245115
816 19753086284 407116046237258
817 51851851473 408116046229401
818 503703699283 409116046221544
819 14814814729 410116046213687
820 49382715721 411116046205830
821 1012345670434 412128391876264
822 167901233376 413140737546698
823 1014814806807 414155552353505
824 125925924988 415170367160312
825 12345678950 416185181967119
826 71604937767 417199996773926
827 1019753078755 418219749852681
828 27160493667 419239502931436
829 1022222213285 420261725144721
830 101234567140 421283947358006
831 340740738413 422306169571291
832 14814814729 423328391784576
833 19753086284 424350613997861
834 170370369012 425372836211146
835 204938270090 426395058424431
836 22222222084 427417280637716
837 37037036782 428439502851001
838 516049378751 429461725064286
839 1034567893024 430496292957310
840 7407407378 431530860850334
841 69135801901 432565428743358
842 518518514767 433599996636382
843 345679009772 434634564529406
844 259259257460 435669132422430
845 29629629419 436703700315454
846 56790123030 437738268208478
847 24691357856 438772836101502
848 64197530427 439807403994526
849 348148145463 440841971887550
850 19753086284 441876539780574
851 44444444141 442911107673598
852 86419752594 443945675566622
853 1051851844504 444997527411126
854 74074073575 446049379255630
855 22222222084 447101231100134
856 130864196518 448153082944638
857 1056790115811 449209873060449
858 14814814729 450266663176260
859 1059259250684 451325922426944
860 51851851473 452385181677628
861 49382715721 453444440928312
862 530864193415 454503700178996
863 1064197522694 455567897701690
864 7407407358 456632095224384
865 212345677353 457696292747078
866 533333328935 458760490269772
867 39506172551 459824687792466
868 37037036782 460888885315160
869 96296295629 461953082837854
870 34567900965 463017280360548
871 81481480969 464081477883242
872 133333332438 465145675405936
873 118518517733 466209872928630
874 27160493667 467274070451324
875 14814814705 468338267974018
876 88888888219 469402465496712
877 1081481473475 470483946970187
878 540740736496 471565428443662
879 360493824550 472646909917137
880 12345678950 473728391390612
881 1086419744646 474814811135258
882 14814814714 475901230879904
883 1088888880420 476990119760324
884 19753086284 478079008640744
885 71604937767 479167897521164
886 545679007808 480256786401584
887 1093827151915 481350613553499
888 44444444141 482444440705414
889 155555554522 483538267857329
890 108641974527 484632095009244
891 12345678950 485725922161159
892 274074072222 486819749313074
893 56790123030 487913576464989
894 182716048098 489007403616904
895 219753084656 490101230768819
896 8641975244 491195057920734
897 27160493667 492288885072649
898 553086415353 493382712224564
899 37037036782 494476539376479
900 9876543150 495570366528394
901 64197530427 496664193680309
902 49382715721 497758020832224
903 51851851473 498851847984139
904 138271603856 499945675136054
905 222222220394 501039502287969
906 185185183846 502133329439884
907 1118518509552 503251847949436
908 279012343382 504370366458988
909 123456789248 505488884968540
910 14814814729 506607403478092
911 1123456781543 507730860259635
912 22222222084 508854317041178
913 101234567140 509977773822721
914 562962958510 511101230604264
915 74074073575 512224687385807
916 281481479185 513348144167350
917 160493825879 514471600948893
918 19753086284 515595057730436
919 1133333323771 516728391054207
920 27160493667 517861724377978
921 377777774886 518995057701749
922 567901230070 520128391025520
923 86419752594 521261724349291
924 12345678950 522395057673062
925 44444444141 523528390996833
926 570370365794 524661724320604
927 125925924988 525795057644375
928 34567900965 526928390968146
929 1145679004059 528074069972205
930 37037036782 529219748976264
931 22222222084 530365427980323
932 286419750861 531511106984382
933 382716046420 532656785988441
934 575308637359 533802464992500
935 19753086284 534948143996559
936 14814814729 536093823000618
937 1155555547029 537249378547647
938 81481480969 538404934094676
939 385185182105 539560489641705
940 56790123030 540716045188734
941 1160493817897 541876539006631
942 192592591271 543037032824528
943 49382715721 544197526642425
944 71604937767 545358020460322
945 7407407378 546518514278219
946 51851851473 547679008096116
947 1167901224863 548846909320979
948 96296295629 550014810545842
949 88888888219 551182711770705
950 22222222084 552350612995568
951 390123453852 553518514220431
952 19753086284 554686415445294
953 1175308633414 555861724078708
954 64197530427 557037032712122
955 234567899526 558212341345536
956 293827158304 559387649978950
957 34567900965 560562958612364
958 590123451895 561738267245778
959 167901233376 562913575879192
960 7407407356 564088884512606
961 74074073471 565264193146020
962 44444444141 566439501779434
963 130864196518 567614810412848
964 296296294164 568790119046262
965 237037035424 569965427679676
966 27160493667 571140736313090
967 1192592583631 572333328896721
968 24691357856 573525921480352
969 22222222084 574718514063983
970 118518517733 575911106647614
971 1197530853921 577108637501535
972 12345678918 578306168355456
973 170370369012 579503699209377
974 599999995515 580701230063298
975 14814814729 581898760917219
976 74074073575 583096291771140
977 1204938261043 584301230032183
978 199999998528 585506168293226
979 108641974527 586711106554269
980 14814814714 587916044815312
981 133333332438 589120983076355
982 604938267027 590325921337398
983 1212345669459 591538267006857
984 49382715721 592750612676316
985 241975307047 593962958345775
986 34567900965 595175304015234
987 56790123030 596387649684693
988 22222222084 597599995354152
989 51851851473 598812341023611
990 12345678950 600024686693070
991 1222222212992 601246908906062
992 37037036782 602469131119054
993 407407404149 603691353332046
994 86419752594 604913575545038
995 244444442766 606135797758030
996 101234567140 607358019971022
997 1229629620173 608587649591195
998 614814810192 609817279211368
999 44444444141 611046908831541
1000 14814814705 612276538451714
612276538451714
