11725560
26594568
92664
7174440
42021720
12939480
741096
28113048
20813976
36280536
539560
3145240
13495720
2713880
992680
693160
4026280
18422120
1880
728
7133672
6128024
7818776
13736408
35721896
5024488
3508456
34237784
16149848
4264
24856
28983448
45795688
21352
773224
29429144
20549528
6996904
3054232
12948776
21251412
11926956
25725036
33526932
37594644
5260710
30666090
44935590
26343030
16436490
11477130
39256230
18330
156570
57270
39990
42
59748234
48988758
34207446
411558
931722
208182
7538934
29778762
29973414
246
62158134
7736646
13592118
1434
1672122
6002358
6279162
10171146
10354602
16627638
22223226
26692998
28037514
28735446
29562378
29995926
30724986
31543206
34423926
34787958
37272966
38370378
39083466
39172746
42186246
42390858
45416298
47046966
51160422
52667466
55015206
55141494
56149098
56659962
58393578
61488138
62119878
2909158
6806282
11607302
14507542
26987702
37963366
39303914
17039354
39865366
2722005
23250645
8504595
5938515
6237
61116363
30915027
36531
212949
1143477
2828385
16487415
38598255
9855
8429967
26338473
18391401
49375521
380511
15203889
623391
1458489
2487279
3108759
5783079
8135007
15710529
18340527
20495463
20504823
23916183
29963937
35521383
35865273
36211233
41172969
46033311
53425329
53479551
55838121
45798935
21385
182665
66815
46655
11538505
12158135
125255
730145
24738935
3132935
63286535
5054015
1069895
627215
5143945
6236705
22713455
391345
2281255
273265
1592935
37343065
4647985
7043495
8225615
9303215
10026145
10991465
35503415
39865505
40773745
43156865
48744095
61692185
1087009
242879
8795423
34741889
34968983
287
9026087
15857471
1673
1950809
7002751
7325689
11866337
12080369
19398911
25927097
31141831
32710433
33524687
34489441
34995247
35845817
36800407
40161247
40585951
43485127
44765441
45597377
45701537
49217287
49456001
52985681
54888127
59687159
61445377
51912289
16909849
6366767
37113593
1422577
1815073
3188809
8292583
51516049
1166399
814463
23630711
7948057
15939001
56096599
9963071
6956927
4730879
27966479
2544697
20871649
23520599
52867081
------------------------------------------------
9799
11426167
41016113
42907607
8454359
26646799
29200103
5486542252
