7 1
153 -343
49393 -110447
15904521 -35563591
5121206497 -11451365855
1649012587641 -3687304241719
530976932014033 -1187300514467663
170972923095931113 -382307078354345767
8 2
6 -14
2038 -4558
656358 -1467662
211345366 -472582606
68052551622 -152170131470
21912710277046 -48998309750734
7055824656657318 -15777303569604878
1128752430012037198 -2064230775872487934
1122401571122387314 -2688959202864546062
1082324061840341350 -7386270527654163726
13 5
3 -7
1051 -2351
338547 -757015
109011211 -243756479
35101271523 -78488829223
11302500419323 -25273159253327
3639370033750611 -8137878790742071
1171865848367277547 -2620371697459693535
1360403276089190303 4354971137632166985
18556319517748621 3482754098047590901
17 7
43 -97
13971 -31241
4498747 -10059505
1448582691 -3239129369
466439127883 -1042989597313
150191950595763 -335839411205417
48361341652707931 -108139247418546961
165657486765916307 6832351055799202755
659371991117540095 5177574874635812695
32 14
22 -50
7206 -16114
2320438 -5188658
747173958 -1670731762
240587694166 -537970438706
77468490347622 -173224810531570
24944613304240246 -55777851020726834
406217925832745294 4934092870460530174
1278641936891791854 -8691567972899993986
1713542569747172518 5177740348277014798
43 19
1 -1
297 -665
95761 -214129
30834873 -68948873
9928733473 -22201322977
3197021343561 -7148757049721
1029430943893297 -2301877568687185
331473566912298201 -741197428360223849
1819987350677520677 1439298263758819095
83 37
1 1
153 -343
49393 -110447
15904521 -35563591
5121206497 -11451365855
1649012587641 -3687304241719
530976932014033 -1187300514467663
170972923095931113 -382307078354345767
527334408096245653 9017953747860541229
1469835214017355853 -6396277126926098123
1633709623169034929 -9163874305669684015
112 50
6 -14
2038 -4558
656358 -1467662
211345366 -472582606
68052551622 -152170131470
21912710277046 -48998309750734
7055824656657318 -15777303569604878
1604955750524735402 -2514456264522745470
329030950551684982 7730957248650586674
1320113535903353034 6671698116543385602
217 97
3 -7
1051 -2351
338547 -757015
109011211 -243756479
35101271523 -78488829223
11302500419323 -25273159253327
3639370033750611 -8137878790742071
1610629671332728771 -3601477431678125639
148723517396098091 -7384170534364897515
993385742437015281 -5919827655345757551
293 131
3 7
43 -97
13971 -31241
4498747 -10059505
1448582691 -3239129369
466439127883 -1042989597313
150191950595763 -335839411205417
48361341652707931 -108139247418546961
682764263491114629 1526707305773710659
1680251429293911051 1408661783158611467
1390074724133284459 -8490988955865307297
1533363588214206969 184930274878626743
568 254
6 14
22 -50
7206 -16114
2320438 -5188658
747173958 -1670731762
240587694166 -537970438706
77468490347622 -173224810531570
24944613304240246 -55777851020726834
352167453356550926 787470365168235262
482017740610786370 -1228670435190417970
1256239925885366406 -2809037870328977394
760643626586491374 7083538234598377086
1195544259441872038 7849378214488195342
767 343
1 -1
297 -665
95761 -214129
30834873 -68948873
9928733473 -22201322977
3197021343561 -7148757049721
1029430943893297 -2301877568687185
455582149505663553 -1018712655630135233
21
set 2 2
set 3 5
set 4 21
set 5 42
set 6 152
set 7 296
set 8 1050
set 9 2037
set 10 7205
set 11 13970
set 12 49392
set 13 95760
set 14 338546
set 15 656357
set 16 2320437
set 17 4498746
set 18 15904520
set 19 30834872
set 20 109011210
set 21 211345365
set 22 747173957
set 23 1448582690
set 24 5121206496
set 25 9928733472
set 26 35101271522
set 27 68052551621
set 28 240587694165
set 29 466439127882
set 30 1649012587640
2476814009430
