pos 9 4
neg 2 1
pos 161 72
neg 38 17
pos 2889 1292
neg 682 305
pos 51841 23184
neg 12238 5473
pos 930249 416020
neg 219602 98209
pos 16692641 7465176
neg 3940598 1762289
pos 299537289 133957148
neg 70711162 31622993
pos 5374978561 2403763488
neg 1268860318 567451585
pos 96450076809 43133785636
neg 22768774562 10182505537
pos 1730726404001 774004377960
neg 408569081798 182717648081
pos 31056625195209 13888945017644
neg 7331474697802 3278735159921
pos 557288527109761 249227005939632
neg 131557975478638 58834515230497
pos 10000136862780489 4472197161895732
neg 2360712083917682 1055742538989025
pos 179445175002939041 80250321908183544
neg 42361259535039638 18944531186571953
1
2
5
7
14
19
37
50
97
131
254
343
665
898
1741
2351
4558
6155
11933
16114
31241
42187
81790
110447
214129
289154
560597
757015
1467662
1981891
3842389
5188658
10059505
13584083
26336126
35563591
68948873
93106690
180510493
243756479
472582606
638162747
1237237325
1670731762
3239129369
4374032539
8480150782
11451365855
22201322977
29980065026
58123818149
78488829223
152170131470
205486422643
398386576261
537970438706
1042989597313
1408424893475
2730582215678
3687304241719
7148757049721
9653487831682
18715688933485
7 1 1 0
17 7 2 2
32 14 3 5
112 50 4 21
217 97 5 42
767 343 6 152
1487 665 7 296
5257 2351 8 1050
10192 4558 9 2037
36032 16114 10 7205
69857 31241 11 13970
246967 110447 12 49392
478807 214129 13 95760
1692737 757015 14 338546
3281792 1467662 15 656357
11602192 5188658 16 2320437
22493737 10059505 17 4498746
79522607 35563591 18 15904520
154174367 68948873 19 30834872
545056057 243756479 20 109011210
1056726832 472582606 21 211345365
3735869792 1670731762 22 747173957
7242913457 3239129369 23 1448582690
25606032487 11451365855 24 5121206496
49643667367 22201322977 25 9928733472
175506357617 78488829223 26 35101271522
340262758112 152170131470 27 68052551621
1202938470832 537970438706 28 240587694165
2332195639417 1042989597313 29 466439127882
8245062938207 3687304241719 30 1649012587640
15985106717807 7148757049721 31 3197021343560
5673835352990
