0 0 0
0 1 2
0 3 5
0 4 7
0 6 10
0 8 13
0 9 15
0 11 18
0 12 20
0 14 23
0 16 26
0 17 28
0 19 31
0 21 34
0 22 36
0 24 39
0 25 41
0 27 44
0 29 47
0 30 49
0 32 52
0 33 54
0 35 57
0 37 60
0 38 62
0 40 65
0 42 68
0 43 70
0 45 73
0 46 75
0 48 78
0 50 81
0 51 83
0 53 86
0 55 89
0 56 91
0 58 94
0 59 96
0 61 99
1 1 4
1 3 3
1 5 6
1 7 12
1 8 15
1 9 17
1 10 14
1 11 20
1 13 19
1 16 28
1 18 31
1 21 32
1 22 38
1 23 33
1 24 41
1 25 43
1 26 40
1 27 42
1 29 49
1 30 51
1 34 53
1 35 59
1 36 61
1 37 63
1 39 66
1 44 67
1 45 75
1 46 68
1 47 78
1 48 76
1 50 79
1 52 85
1 54 88
1 55 87
1 56 93
1 57 95
1 58 97
1 60 100
1 62 98
1 64 99
2 2 6
2 3 8
2 4 10
2 5 12
2 7 7
2 9 11
2 13 16
2 14 24
2 15 23
2 17 26
2 18 29
2 19 34
2 20 32
2 21 35
2 22 40
2 25 38
2 27 47
2 28 44
2 30 53
2 31 48
2 33 52
2 36 57
2 37 65
2 39 61
2 41 66
2 42 69
2 43 67
2 45 71
2 46 78
2 49 79
2 50 84
2 51 82
2 54 83
2 55 90
2 56 89
2 58 99
2 59 95
2 60 97
2 62 100
3 4 4
3 6 9
3 7 11
3 10 18
3 12 13
3 14 27
3 15 22
3 16 25
3 17 29
3 19 33
3 20 30
3 21 38
3 23 39
3 24 35
3 26 44
3 28 43
3 31 50
3 32 54
3 34 57
3 36 56
3 37 62
3 40 64
3 41 69
3 42 63
3 45 74
3 46 76
3 47 73
3 48 75
3 49 81
3 51 87
3 52 86
3 53 88
3 55 93
3 58 91
3 59 90
3 61 100
4 5 11
4 6 15
4 8 19
4 9 12
4 13 23
4 14 16
4 17 21
4 18 32
4 20 25
4 22 35
4 24 45
4 26 38
4 27 43
4 28 47
4 29 46
4 30 48
4 31 53
4 33 56
4 34 54
4 36 51
4 37 61
4 39 68
4 40 67
4 41 71
4 42 73
4 44 72
4 49 74
4 50 76
4 52 89
4 55 91
4 57 96
4 58 93
4 59 99
4 60 92
4 62 95
4 63 97
5 5 7
5 8 8
5 9 18
5 10 16
5 13 25
5 14 22
5 15 19
5 17 30
5 20 21
5 23 34
5 24 40
5 26 41
5 27 45
5 28 42
5 29 50
5 31 55
5 32 51
5 33 58
5 35 52
5 36 62
5 37 59
5 38 65
5 39 67
5 43 63
5 44 74
5 46 69
5 47 79
5 48 81
5 49 80
5 53 82
5 54 89
5 56 90
5 57 94
5 60 96
6 6 11
6 7 16
6 8 22
6 12 14
6 13 28
6 17 25
6 18 21
6 19 20
6 23 40
6 24 31
6 26 46
6 27 39
6 29 52
6 30 54
6 32 45
6 33 49
6 34 55
6 35 60
6 36 58
6 37 64
6 38 56
6 41 67
6 42 61
6 43 72
6 44 76
6 47 75
6 48 83
6 50 86
6 51 81
6 53 84
6 57 97
6 59 100
6 62 96
6 65 98
7 8 24
7 9 21
7 10 19
7 13 20
7 14 17
7 15 29
7 18 33
7 22 39
7 23 42
7 25 26
7 27 49
7 28 30
7 31 37
7 32 50
7 34 47
7 35 62
7 36 65
7 38 58
7 40 63
7 41 72
7 43 64
7 44 69
7 45 79
7 46 70
7 48 74
7 51 84
7 52 87
7 53 83
7 54 86
7 55 98
7 56 95
7 57 85
7 61 97
8 9 20
8 10 12
8 11 16
8 14 26
8 17 17
8 18 25
8 21 27
8 23 31
8 28 37
8 29 33
8 30 50
8 32 42
8 34 56
8 35 58
8 36 54
8 38 63
8 39 60
8 40 66
8 41 70
8 43 62
8 44 68
8 45 76
8 46 82
8 47 80
8 48 87
8 49 84
8 51 79
8 52 90
8 53 95
8 55 92
8 57 98
8 59 86
8 61 91
8 65 99
9 9 10
9 13 13
9 14 25
9 16 22
9 19 24
9 23 27
9 26 33
9 28 45
9 29 31
9 30 40
9 32 53
9 34 60
9 35 54
9 36 63
9 37 70
9 38 66
9 39 57
9 41 64
9 42 67
9 43 65
9 44 80
9 46 81
9 47 77
9 48 68
9 49 73
9 50 82
9 51 85
9 52 83
9 55 94
9 56 98
9 58 96
9 71 100
10 10 17
10 11 21
10 13 27
10 15 20
10 22 23
10 24 43
10 25 45
10 26 35
10 28 36
10 29 51
10 30 33
10 31 49
10 32 48
10 34 63
10 37 74
10 38 64
10 39 70
10 40 61
10 41 73
10 42 72
10 44 71
10 46 79
10 47 83
10 50 67
10 52 75
10 53 77
10 54 82
10 56 96
10 57 91
10 58 100
10 59 84
10 60 99
10 62 97
11 11 23
11 12 15
11 13 26
11 14 30
11 17 27
11 19 28
11 22 44
11 24 29
11 25 31
11 32 46
11 33 35
11 34 49
11 36 59
11 37 57
11 38 67
11 39 56
11 40 73
11 41 65
11 42 70
11 43 74
11 45 77
11 47 72
11 48 82
11 50 85
11 51 89
11 52 79
11 53 90
11 54 75
11 61 87
11 62 92
11 63 99
12 12 21
12 16 29
12 17 18
12 19 19
12 22 33
12 23 37
12 24 36
12 25 40
12 26 42
12 27 34
12 28 46
12 30 52
12 31 54
12 32 57
12 35 61
12 38 59
12 39 69
12 41 68
12 43 76
12 44 63
12 45 62
12 47 71
12 48 77
12 49 86
12 50 88
12 51 91
12 53 87
12 60 95
12 64 92
12 65 97
12 67 98
13 14 38
13 15 18
13 17 24
13 21 21
13 22 43
13 29 30
13 31 41
13 32 34
13 33 59
13 35 40
13 36 47
13 37 49
13 39 62
13 42 58
13 44 50
13 45 70
13 46 74
13 48 79
13 51 80
13 52 84
13 53 93
13 54 90
13 55 82
13 56 94
13 57 92
13 63 96
13 65 95
14 14 28
14 15 41
14 18 20
14 19 32
14 21 42
14 29 29
14 31 35
14 33 44
14 34 61
14 36 37
14 39 72
14 40 43
14 45 53
14 46 80
14 47 52
14 48 55
14 49 64
14 50 70
14 51 95
14 54 84
14 56 87
14 57 86
14 58 98
14 59 91
14 60 88
14 63 100
15 15 26
15 16 31
15 17 33
15 21 24
15 25 37
15 27 27
15 28 48
15 30 43
15 32 38
15 34 42
15 35 63
15 36 53
15 39 65
15 40 69
15 44 78
15 45 68
15 46 71
15 47 82
15 49 87
15 50 54
15 51 88
15 52 70
15 55 86
15 56 97
15 57 81
15 58 90
15 60 93
15 64 94
16 16 24
16 17 19
16 18 36
16 20 34
16 21 30
16 23 35
16 27 46
16 32 32
16 33 53
16 37 43
16 38 42
16 39 63
16 40 68
16 41 48
16 44 59
16 45 80
16 47 81
16 49 82
16 50 91
16 51 72
16 52 92
16 54 96
16 55 78
16 56 85
16 57 100
16 58 88
16 61 98
16 62 87
17 20 40
17 22 34
17 23 38
17 31 44
17 32 36
17 35 37
17 39 71
17 41 46
17 42 52
17 43 77
17 45 82
17 47 48
17 49 76
17 50 64
17 51 74
17 53 75
17 54 92
17 55 95
17 56 100
17 57 78
17 59 98
17 65 96
17 66 99
17 67 97
18 18 34
18 19 27
18 22 41
18 23 44
18 24 37
18 26 49
18 28 28
18 30 55
18 35 47
18 38 48
18 39 73
18 40 62
18 42 45
18 43 79
18 46 60
18 50 83
18 51 69
18 52 53
18 54 85
18 56 65
18 58 95
18 59 88
18 61 96
18 66 90
18 68 100
19 21 29
19 22 45
19 23 43
19 25 25
19 26 39
19 30 41
19 35 51
19 36 55
19 37 42
19 38 71
19 40 76
19 44 65
19 46 48
19 47 69
19 49 75
19 50 74
19 52 58
19 53 92
19 54 81
19 56 84
19 59 94
19 60 85
19 62 99
19 66 95
20 20 35
20 22 42
20 23 47
20 24 46
20 26 43
20 27 36
20 28 31
20 29 48
20 33 33
20 37 39
20 38 69
20 41 78
20 44 51
20 45 56
20 49 57
20 50 89
20 52 81
20 53 79
20 54 68
20 55 88
20 58 83
20 59 87
20 66 100
21 22 26
21 23 28
21 25 48
21 31 47
21 33 50
21 36 60
21 37 58
21 39 59
21 40 70
21 41 80
21 43 49
21 44 66
21 45 72
21 46 83
21 51 62
21 52 55
21 53 85
21 54 94
21 56 63
21 61 79
21 64 89
22 22 32
22 24 25
22 27 31
22 28 52
22 29 54
22 30 46
22 37 48
22 47 55
22 49 77
22 50 90
22 51 71
22 53 67
22 56 56
22 57 60
22 58 73
22 59 65
22 61 88
22 62 81
22 68 86
23 23 29
23 24 52
23 25 55
23 26 36
23 30 61
23 32 49
23 41 45
23 46 51
23 48 70
23 50 65
23 53 69
23 54 91
23 56 59
23 57 90
23 58 66
23 60 62
23 63 64
23 67 87
23 68 79
24 24 44
24 26 53
24 27 48
24 28 33
24 30 58
24 32 66
24 34 65
24 38 49
24 42 56
24 47 54
24 50 87
24 51 59
24 55 68
24 57 72
24 60 69
24 61 77
24 62 64
24 67 84
24 70 92
24 71 94
25 27 50
25 28 29
25 30 60
25 32 56
25 33 51
25 34 59
25 35 49
25 36 36
25 39 54
25 42 71
25 44 47
25 46 72
25 52 61
25 53 57
25 58 89
25 62 74
25 63 70
25 64 81
25 67 100
25 73 94
26 26 45
26 27 54
26 28 32
26 29 37
26 30 56
26 31 59
26 34 69
26 47 68
26 48 57
26 50 61
26 51 63
26 52 66
26 55 62
26 58 75
26 60 70
26 64 67
26 71 76
26 77 99
27 28 51
27 29 58
27 30 66
27 32 40
27 33 60
27 35 55
27 37 52
27 38 70
27 41 41
27 53 63
27 56 75
27 57 59
27 61 78
27 64 85
27 65 91
27 67 71
27 68 73
27 69 76
27 72 90
28 34 35
28 38 41
28 39 55
28 40 54
28 49 69
28 50 77
28 53 58
28 56 68
28 59 97
28 61 83
28 62 75
28 63 95
28 64 82
28 66 85
28 70 91
29 32 44
29 34 41
29 35 64
29 36 66
29 38 61
29 39 40
29 42 60
29 43 69
29 45 78
29 53 73
29 55 99
29 56 80
29 57 93
29 62 71
29 63 82
29 65 100
29 70 76
29 74 84
29 81 86
30 30 57
30 31 64
30 32 39
30 34 44
30 35 67
30 36 72
30 37 38
30 42 83
30 45 47
30 59 59
30 62 73
30 63 76
30 65 74
30 69 75
30 70 90
30 71 86
30 77 81
30 78 92
30 79 87
30 80 98
31 31 56
31 32 61
31 33 43
31 34 75
31 36 52
31 38 60
31 39 45
31 40 42
31 46 77
31 51 51
31 57 68
31 58 70
31 63 87
31 66 89
31 67 80
31 72 81
31 74 78
31 76 83
31 85 88
32 33 55
32 35 41
32 37 47
32 43 68
32 58 85
32 59 92
32 60 84
32 62 90
32 63 75
32 64 71
32 65 73
32 67 78
32 70 74
32 76 93
32 77 80
32 82 83
33 34 66
33 36 64
33 37 45
33 38 57
33 39 74
33 40 78
33 41 42
33 46 73
33 47 65
33 48 84
33 61 61
33 62 77
33 63 94
33 68 82
33 70 79
33 75 80
33 81 88
33 83 86
33 85 91
34 34 58
34 36 67
34 37 50
34 38 68
34 39 64
34 40 46
34 43 52
34 45 81
34 48 51
34 62 91
34 70 78
34 71 97
34 72 94
34 73 83
34 76 92
34 77 88
34 79 99
34 80 82
34 89 90
35 35 48
35 36 70
35 38 76
35 39 75
35 42 46
35 43 73
35 44 56
35 45 87
35 50 53
35 65 80
35 66 77
35 68 78
35 69 95
35 74 79
35 81 89
35 82 96
35 84 85
35 90 92
36 38 78
36 39 82
36 40 84
36 41 86
36 42 92
36 43 48
36 44 85
36 45 69
36 46 95
36 49 68
36 50 80
36 71 77
36 73 73
36 74 87
36 75 76
36 81 97
36 83 93
36 88 96
36 89 98
36 90 94
37 37 54
37 40 71
37 41 76
37 44 73
37 46 85
37 51 92
37 53 55
37 56 99
37 66 67
37 68 98
37 69 69
37 75 89
37 77 82
37 78 91
37 80 87
37 93 97
38 38 73
38 39 77
38 40 79
38 43 45
38 44 53
38 46 50
38 47 74
38 51 96
38 52 88
38 54 98
38 55 83
38 72 80
38 75 94
38 81 91
38 82 85
38 84 84
38 86 97
38 95 100
39 39 76
39 41 83
39 42 86
39 43 94
39 44 79
39 46 89
39 48 53
39 49 85
39 52 80
39 58 58
39 78 90
39 81 99
39 84 92
39 87 91
39 88 97
39 95 98
40 40 72
40 41 59
40 44 60
40 45 83
40 47 86
40 48 88
40 49 91
40 50 56
40 51 52
40 53 89
40 57 57
40 58 81
40 82 97
40 85 94
41 43 60
41 44 89
41 47 63
41 49 56
41 50 93
41 51 75
41 52 54
41 53 81
41 55 97
41 57 77
41 61 95
41 62 62
41 82 94
41 85 100
41 92 98
42 42 75
42 43 84
42 44 81
42 47 62
42 48 91
42 49 59
42 50 78
42 51 64
42 53 97
42 54 74
42 55 85
42 57 82
42 65 65
42 77 94
42 88 93
43 43 82
43 44 75
43 46 57
43 47 88
43 50 96
43 51 61
43 53 80
43 54 59
43 55 100
43 56 78
43 58 87
43 66 86
43 81 81
43 83 91
43 97 98
44 44 62
44 45 57
44 46 87
44 48 54
44 49 93
44 55 64
44 58 82
44 61 86
44 70 98
44 77 84
44 83 99
44 90 91
45 45 66
45 46 86
45 48 85
45 49 61
45 51 93
45 52 97
45 54 65
45 55 84
45 58 92
45 59 60
45 64 91
45 67 90
45 89 95
46 46 84
46 47 98
46 49 88
46 54 67
46 56 66
46 58 63
46 59 62
46 61 93
46 64 64
47 47 87
47 49 92
47 50 97
47 51 90
47 53 61
47 56 70
47 58 84
47 59 93
47 60 67
47 66 94
47 89 89
47 99 100
48 48 71
48 49 95
48 50 69
48 56 92
48 60 98
48 61 63
48 62 67
48 64 72
48 65 66
49 49 78
49 50 63
49 51 99
49 53 71
49 60 66
49 67 70
49 72 97
49 89 96
49 100 100
50 50 95
50 51 94
50 52 98
50 55 72
50 60 73
50 62 66
50 75 75
51 54 100
51 55 70
51 66 76
51 67 73
51 78 78
52 52 74
52 56 73
52 57 71
52 63 67
52 65 94
52 68 96
52 69 72
52 76 76
52 93 95
53 53 94
53 59 70
53 62 78
53 64 74
53 72 76
54 54 97
54 56 71
54 57 79
54 60 78
54 62 93
54 70 95
54 72 99
54 77 87
55 66 96
55 69 79
55 71 75
55 74 80
55 76 81
56 62 76
56 64 79
56 69 82
57 58 65
57 62 80
57 64 87
57 75 84
58 59 79
58 74 86
58 77 78
59 61 85
59 66 80
59 67 89
59 68 71
59 73 81
59 77 83
60 60 86
60 61 82
60 63 81
60 68 87
60 71 83
60 79 89
61 68 84
61 69 71
61 72 89
61 76 90
61 81 94
61 92 92
62 65 69
62 79 88
62 82 89
62 83 84
62 86 94
63 63 91
63 66 83
63 74 92
63 80 85
63 84 93
63 86 88
63 98 98
64 65 90
64 66 88
64 68 97
64 76 78
64 83 98
64 84 96
64 86 86
65 72 83
65 81 84
65 85 93
65 88 92
66 73 91
66 78 97
66 79 93
67 68 85
67 72 96
67 74 93
67 76 94
67 79 95
67 82 88
67 91 92
68 69 83
68 75 92
68 80 89
68 90 93
68 94 94
69 70 89
69 81 92
69 84 100
69 91 98
69 96 97
69 99 99
70 70 100
70 80 88
70 86 99
70 93 96
71 79 90
71 80 95
71 92 99
72 78 98
72 85 95
72 86 93
73 75 86
73 76 95
73 87 89
73 93 98
74 76 97
74 82 99
74 83 90
75 78 93
75 81 100
75 88 99
75 90 95
77 93 100
173895
