p 0 0 0
p 0 1 2
p 0 3 5
p 0 4 7
p 0 6 10
p 0 8 13
p 0 9 15
p 0 11 18
p 0 12 20
p 0 14 23
p 0 16 26
p 0 17 28
p 0 19 31
p 0 21 34
p 0 22 36
p 0 24 39
p 0 25 41
p 0 27 44
p 0 29 47
p 0 30 49
p 0 32 52
p 0 33 54
p 0 35 57
p 0 37 60
p 0 38 62
p 0 40 65
p 0 42 68
p 0 43 70
p 0 45 73
p 0 46 75
p 0 48 78
p 0 50 81
p 0 51 83
p 0 53 86
p 0 55 89
p 0 56 91
p 0 58 94
p 0 59 96
p 0 61 99
p 1 1 4
p 1 3 3
p 1 5 6
p 1 7 12
p 1 8 15
p 1 9 17
p 1 10 14
p 1 11 20
p 1 13 19
p 1 16 28
p 1 18 31
p 1 21 32
p 1 22 38
p 1 23 33
p 1 24 41
p 1 25 43
p 1 26 40
p 1 27 42
p 1 29 49
p 1 30 51
p 1 34 53
p 1 35 59
p 1 36 61
p 1 37 63
p 1 39 66
p 1 44 67
p 1 45 75
p 1 46 68
p 1 47 78
p 1 48 76
p 1 50 79
p 1 52 85
p 1 54 88
p 1 55 87
p 1 56 93
p 1 57 95
p 1 58 97
p 1 60 100
p 1 62 98
p 1 64 99
p 2 2 6
p 2 3 8
p 2 4 10
p 2 5 12
p 2 7 7
p 2 9 11
p 2 13 16
p 2 14 24
p 2 15 23
p 2 17 26
p 2 18 29
p 2 19 34
p 2 20 32
p 2 21 35
p 2 22 40
p 2 25 38
p 2 27 47
p 2 28 44
p 2 30 53
p 2 31 48
p 2 33 52
p 2 36 57
p 2 37 65
p 2 39 61
p 2 41 66
p 2 42 69
p 2 43 67
p 2 45 71
p 2 46 78
p 2 49 79
p 2 50 84
p 2 51 82
p 2 54 83
p 2 55 90
p 2 56 89
p 2 58 99
p 2 59 95
p 2 60 97
p 2 62 100
p 3 4 4
p 3 6 9
p 3 7 11
p 3 8 100
p 3 10 18
p 3 12 13
p 3 14 27
p 3 15 22
p 3 16 25
p 3 17 29
p 3 19 33
p 3 20 30
p 3 21 38
p 3 23 39
p 3 24 35
p 3 26 44
p 3 28 43
p 3 31 50
p 3 32 54
p 3 34 57
p 3 36 56
p 3 37 62
p 3 40 64
p 3 41 69
p 3 42 63
p 3 45 74
p 3 46 76
p 3 47 73
p 3 48 75
p 3 49 81
p 3 51 87
p 3 52 86
p 3 53 88
p 3 55 93
p 3 58 91
p 3 59 90
p 4 4 99
p 4 5 11
p 4 6 15
p 4 8 19
p 4 9 12
p 4 10 100
p 4 13 23
p 4 14 16
p 4 17 21
p 4 18 32
p 4 20 25
p 4 22 35
p 4 24 45
p 4 26 38
p 4 27 43
p 4 28 47
p 4 29 46
p 4 30 48
p 4 31 53
p 4 33 56
p 4 34 54
p 4 36 51
p 4 37 61
p 4 39 68
p 4 40 67
p 4 41 71
p 4 42 73
p 4 44 72
p 4 49 74
p 4 50 76
p 4 52 89
p 4 55 91
p 4 57 96
p 4 58 93
p 4 60 92
p 4 62 95
p 4 63 97
p 5 5 7
p 5 8 8
p 5 9 18
p 5 10 16
p 5 11 98
p 5 12 100
p 5 13 25
p 5 14 22
p 5 15 19
p 5 17 30
p 5 20 21
p 5 23 34
p 5 24 40
p 5 26 41
p 5 27 45
p 5 28 42
p 5 29 50
p 5 31 55
p 5 32 51
p 5 33 58
p 5 35 52
p 5 36 62
p 5 37 59
p 5 38 65
p 5 39 67
p 5 43 63
p 5 44 74
p 5 46 69
p 5 47 79
p 5 48 81
p 5 49 80
p 5 53 82
p 5 54 89
p 5 56 90
p 5 57 94
p 5 60 96
p 6 6 11
p 6 7 16
p 6 8 22
p 6 9 99
p 6 12 14
p 6 13 28
p 6 15 98
p 6 17 25
p 6 18 21
p 6 19 20
p 6 23 40
p 6 24 31
p 6 26 46
p 6 27 39
p 6 29 52
p 6 30 54
p 6 32 45
p 6 33 49
p 6 34 55
p 6 35 60
p 6 36 58
p 6 37 64
p 6 38 56
p 6 41 67
p 6 42 61
p 6 43 72
p 6 44 76
p 6 47 75
p 6 48 83
p 6 50 86
p 6 51 81
p 6 53 84
p 6 57 97
p 6 59 100
p 6 62 96
p 7 7 100
p 7 8 24
p 7 9 21
p 7 10 19
p 7 11 99
p 7 13 20
p 7 14 17
p 7 15 29
p 7 16 96
p 7 18 33
p 7 22 39
p 7 23 42
p 7 25 26
p 7 27 49
p 7 28 30
p 7 31 37
p 7 32 50
p 7 34 47
p 7 35 62
p 7 36 65
p 7 38 58
p 7 40 63
p 7 41 72
p 7 43 64
p 7 44 69
p 7 45 79
p 7 46 70
p 7 48 74
p 7 51 84
p 7 52 87
p 7 53 83
p 7 54 86
p 7 55 98
p 7 56 95
p 7 57 85
p 7 61 97
p 8 8 97
p 8 9 20
p 8 10 12
p 8 11 16
p 8 14 26
p 8 17 17
p 8 18 25
p 8 19 98
p 8 21 27
p 8 22 96
p 8 23 31
p 8 24 95
p 8 28 37
p 8 29 33
p 8 30 50
p 8 32 42
p 8 34 56
p 8 35 58
p 8 36 54
p 8 38 63
p 8 39 60
p 8 40 66
p 8 41 70
p 8 43 62
p 8 44 68
p 8 45 76
p 8 46 82
p 8 47 80
p 8 48 87
p 8 49 84
p 8 51 79
p 8 52 90
p 8 53 99
p 8 55 92
p 8 59 86
p 8 61 91
p 9 9 10
p 9 11 100
p 9 12 98
p 9 13 13
p 9 14 25
p 9 16 22
p 9 18 97
p 9 19 24
p 9 20 94
p 9 21 96
p 9 23 27
p 9 26 33
p 9 28 45
p 9 29 31
p 9 30 40
p 9 32 53
p 9 34 60
p 9 35 54
p 9 36 63
p 9 37 70
p 9 38 66
p 9 39 57
p 9 41 64
p 9 42 67
p 9 43 65
p 9 44 80
p 9 46 81
p 9 47 77
p 9 48 68
p 9 49 73
p 9 50 82
p 9 51 85
p 9 52 83
p 10 10 17
p 10 11 21
p 10 12 94
p 10 13 27
p 10 15 20
p 10 16 97
p 10 19 95
p 10 22 23
p 10 24 43
p 10 25 45
p 10 26 35
p 10 28 36
p 10 29 51
p 10 30 33
p 10 31 49
p 10 32 48
p 10 34 63
p 10 37 74
p 10 38 64
p 10 39 70
p 10 40 61
p 10 41 73
p 10 42 72
p 10 44 71
p 10 46 79
p 10 47 83
p 10 50 67
p 10 52 75
p 10 53 77
p 10 54 82
p 10 56 96
p 10 57 91
p 10 59 84
p 10 60 99
p 11 11 23
p 11 12 15
p 11 13 26
p 11 14 30
p 11 16 94
p 11 17 27
p 11 19 28
p 11 21 92
p 11 22 44
p 11 24 29
p 11 25 31
p 11 32 46
p 11 33 35
p 11 34 49
p 11 36 59
p 11 37 57
p 11 38 67
p 11 39 56
p 11 40 73
p 11 41 65
p 11 42 70
p 11 43 74
p 11 45 77
p 11 47 72
p 11 48 82
p 11 50 85
p 11 51 89
p 11 52 79
p 11 53 90
p 11 54 75
p 11 55 96
p 11 61 87
p 12 12 21
p 12 13 99
p 12 14 97
p 12 15 91
p 12 16 29
p 12 17 18
p 12 19 19
p 12 22 33
p 12 23 37
p 12 24 36
p 12 25 40
p 12 26 42
p 12 27 34
p 12 28 46
p 12 30 52
p 12 31 54
p 12 32 57
p 12 35 61
p 12 38 59
p 12 39 69
p 12 41 68
p 12 43 76
p 12 44 63
p 12 45 62
p 12 47 71
p 12 48 77
p 12 49 86
p 12 50 88
p 12 51 93
p 12 53 87
p 12 55 95
p 12 64 92
p 13 13 93
p 13 14 38
p 13 15 18
p 13 17 24
p 13 20 95
p 13 21 21
p 13 22 43
p 13 23 100
p 13 25 97
p 13 26 91
p 13 27 94
p 13 28 96
p 13 29 30
p 13 31 41
p 13 32 34
p 13 33 59
p 13 35 40
p 13 36 47
p 13 37 49
p 13 39 62
p 13 42 58
p 13 44 50
p 13 45 70
p 13 46 74
p 13 48 79
p 13 51 80
p 13 52 84
p 13 54 90
p 13 55 82
p 13 57 92
p 13 60 98
p 14 14 28
p 14 15 41
p 14 17 95
p 14 18 20
p 14 19 32
p 14 21 42
p 14 22 98
p 14 25 93
p 14 26 99
p 14 29 29
p 14 30 91
p 14 31 35
p 14 33 44
p 14 34 61
p 14 36 37
p 14 38 89
p 14 39 72
p 14 40 43
p 14 45 53
p 14 46 80
p 14 47 52
p 14 48 55
p 14 49 64
p 14 50 70
p 14 51 96
p 14 54 84
p 14 56 87
p 14 57 86
p 14 58 100
p 14 60 88
p 14 62 94
p 15 15 26
p 15 16 31
p 15 17 33
p 15 18 89
p 15 19 97
p 15 20 92
p 15 21 24
p 15 25 37
p 15 27 27
p 15 28 48
p 15 29 95
p 15 30 43
p 15 32 38
p 15 34 42
p 15 35 63
p 15 36 53
p 15 39 65
p 15 40 69
p 15 41 88
p 15 44 78
p 15 45 68
p 15 46 71
p 15 47 82
p 15 49 87
p 15 50 54
p 15 51 94
p 15 52 70
p 15 55 86
p 15 57 81
p 15 58 90
p 15 59 99
p 15 60 93
p 15 61 100
p 15 66 96
p 16 16 24
p 16 17 19
p 16 18 36
p 16 20 34
p 16 21 30
p 16 22 93
p 16 23 35
p 16 25 99
p 16 27 46
p 16 29 90
p 16 31 87
p 16 32 32
p 16 33 53
p 16 37 43
p 16 38 42
p 16 39 63
p 16 40 68
p 16 41 48
p 16 44 59
p 16 45 80
p 16 47 81
p 16 49 82
p 16 50 91
p 16 51 72
p 16 52 88
p 16 54 98
p 16 55 78
p 16 56 85
p 16 57 100
p 16 64 95
p 16 67 92
p 17 17 94
p 17 18 90
p 17 19 86
p 17 20 40
p 17 21 100
p 17 22 34
p 17 23 38
p 17 24 89
p 17 27 91
p 17 30 98
p 17 31 44
p 17 32 36
p 17 33 87
p 17 35 37
p 17 39 71
p 17 41 46
p 17 42 52
p 17 43 77
p 17 45 82
p 17 47 48
p 17 49 76
p 17 50 64
p 17 51 74
p 17 53 75
p 17 54 92
p 17 55 97
p 17 56 99
p 17 57 78
p 17 58 88
p 17 67 96
p 18 18 34
p 18 19 27
p 18 20 88
p 18 22 41
p 18 23 44
p 18 24 37
p 18 25 94
p 18 26 49
p 18 28 28
p 18 29 100
p 18 30 55
p 18 33 95
p 18 35 47
p 18 36 86
p 18 38 48
p 18 39 73
p 18 40 62
p 18 42 45
p 18 43 79
p 18 46 60
p 18 50 83
p 18 51 69
p 18 52 53
p 18 54 85
p 18 56 65
p 18 57 98
p 18 61 96
p 18 63 92
p 18 67 91
p 19 19 90
p 19 20 100
p 19 21 29
p 19 22 45
p 19 23 43
p 19 24 99
p 19 25 25
p 19 26 39
p 19 27 84
p 19 28 91
p 19 30 41
p 19 32 88
p 19 35 51
p 19 36 55
p 19 37 42
p 19 38 71
p 19 40 76
p 19 44 65
p 19 46 48
p 19 47 69
p 19 49 75
p 19 50 74
p 19 52 58
p 19 53 92
p 19 54 81
p 19 59 94
p 19 60 85
p 19 61 89
p 20 20 35
p 20 21 97
p 20 22 42
p 20 23 47
p 20 24 46
p 20 25 98
p 20 26 43
p 20 27 36
p 20 28 31
p 20 29 48
p 20 30 99
p 20 33 33
p 20 34 86
p 20 37 39
p 20 38 69
p 20 40 87
p 20 41 78
p 20 44 51
p 20 45 56
p 20 49 57
p 20 50 89
p 20 52 81
p 20 53 79
p 20 54 68
p 20 58 83
p 21 21 89
p 21 22 26
p 21 23 28
p 21 24 87
p 21 25 48
p 21 27 99
p 21 29 83
p 21 30 86
p 21 31 47
p 21 33 50
p 21 36 60
p 21 37 58
p 21 39 59
p 21 40 70
p 21 41 80
p 21 42 91
p 21 43 49
p 21 44 66
p 21 45 72
p 21 46 98
p 21 51 62
p 21 52 55
p 21 53 85
p 21 54 94
p 21 56 63
p 21 61 79
p 21 68 93
p 22 22 32
p 22 23 92
p 22 24 25
p 22 26 81
p 22 27 31
p 22 28 52
p 22 29 54
p 22 30 46
p 22 33 90
p 22 34 85
p 22 35 99
p 22 37 48
p 22 39 95
p 22 40 100
p 22 41 91
p 22 42 83
p 22 43 89
p 22 44 97
p 22 45 84
p 22 47 55
p 22 49 77
p 22 51 71
p 22 53 67
p 22 56 56
p 22 57 60
p 22 58 73
p 22 59 65
p 22 61 88
p 22 68 86
p 22 75 94
p 23 23 29
p 23 24 52
p 23 25 55
p 23 26 36
p 23 27 93
p 23 28 81
p 23 30 61
p 23 31 95
p 23 32 49
p 23 34 97
p 23 35 87
p 23 37 91
p 23 38 86
p 23 39 99
p 23 40 98
p 23 41 45
p 23 43 85
p 23 44 88
p 23 46 51
p 23 47 94
p 23 48 70
p 23 50 65
p 23 53 69
p 23 56 59
p 23 57 90
p 23 58 66
p 23 60 62
p 23 63 64
p 23 68 79
p 24 24 44
p 24 25 80
p 24 26 53
p 24 27 48
p 24 28 33
p 24 29 91
p 24 30 58
p 24 31 98
p 24 32 66
p 24 34 65
p 24 36 90
p 24 37 94
p 24 38 49
p 24 42 56
p 24 43 92
p 24 46 83
p 24 47 54
p 24 51 59
p 24 52 97
p 24 55 68
p 24 57 72
p 24 60 69
p 24 61 77
p 24 62 64
p 24 67 84
p 24 70 93
p 24 78 100
p 25 25 83
p 25 26 96
p 25 27 50
p 25 28 29
p 25 30 60
p 25 31 91
p 25 32 56
p 25 33 51
p 25 34 59
p 25 35 49
p 25 36 36
p 25 37 92
p 25 39 54
p 25 42 71
p 25 44 47
p 25 45 95
p 25 46 72
p 25 48 85
p 25 52 61
p 25 53 57
p 25 55 88
p 25 58 89
p 25 62 74
p 25 63 70
p 25 64 81
p 26 26 45
p 26 27 54
p 26 28 32
p 26 29 37
p 26 30 56
p 26 31 59
p 26 33 93
p 26 34 69
p 26 35 92
p 26 36 82
p 26 38 100
p 26 39 87
p 26 42 97
p 26 47 68
p 26 48 57
p 26 49 94
p 26 50 61
p 26 51 63
p 26 52 66
p 26 53 95
p 26 55 62
p 26 58 75
p 26 60 70
p 26 64 67
p 26 71 76
p 27 27 87
p 27 28 51
p 27 29 58
p 27 30 66
p 27 31 80
p 27 32 40
p 27 33 60
p 27 34 92
p 27 35 55
p 27 36 88
p 27 37 52
p 27 38 70
p 27 39 98
p 27 41 41
p 27 43 100
p 27 46 89
p 27 48 95
p 27 53 63
p 27 56 75
p 27 57 59
p 27 61 78
p 27 62 97
p 27 64 85
p 27 67 71
p 27 68 73
p 27 69 76
p 27 72 90
p 28 28 84
p 28 29 77
p 28 30 95
p 28 31 82
p 28 32 76
p 28 33 79
p 28 34 35
p 28 36 97
p 28 38 41
p 28 39 55
p 28 40 54
p 28 46 93
p 28 49 69
p 28 50 78
p 28 51 86
p 28 53 58
p 28 56 68
p 28 59 98
p 28 61 83
p 28 62 75
p 28 66 85
p 28 70 88
p 28 73 94
p 28 74 99
p 29 29 88
p 29 30 93
p 29 32 44
p 29 33 94
p 29 34 41
p 29 35 64
p 29 36 66
p 29 37 76
p 29 38 61
p 29 39 40
p 29 42 60
p 29 43 69
p 29 45 78
p 29 46 99
p 29 48 84
p 29 52 96
p 29 53 73
p 29 54 97
p 29 56 80
p 29 58 98
p 29 62 71
p 29 63 82
p 29 75 85
p 29 81 86
p 30 30 57
p 30 31 64
p 30 32 39
p 30 33 92
p 30 34 44
p 30 35 67
p 30 36 72
p 30 37 38
p 30 40 94
p 30 41 87
p 30 45 47
p 30 53 100
p 30 56 82
p 30 59 59
p 30 61 90
p 30 62 73
p 30 63 76
p 30 65 74
p 30 66 80
p 30 69 75
p 30 71 89
p 30 77 81
p 30 78 97
p 30 88 96
p 31 31 56
p 31 32 61
p 31 33 43
p 31 34 75
p 31 36 52
p 31 37 96
p 31 38 60
p 31 39 45
p 31 40 42
p 31 44 89
p 31 46 77
p 31 47 84
p 31 48 100
p 31 49 92
p 31 51 51
p 31 55 99
p 31 57 68
p 31 58 70
p 31 59 83
p 31 67 90
p 31 72 76
p 31 73 86
p 31 78 85
p 31 79 88
p 31 91 94
p 32 32 86
p 32 33 55
p 32 34 89
p 32 35 41
p 32 36 95
p 32 37 47
p 32 39 75
p 32 40 77
p 32 42 98
p 32 43 68
p 32 44 73
p 32 49 90
p 32 50 99
p 32 53 93
p 32 58 85
p 32 59 91
p 32 61 72
p 32 63 80
p 32 64 71
p 32 67 100
p 32 69 97
p 32 70 74
p 32 78 79
p 32 82 94
p 32 84 87
p 33 33 82
p 33 34 66
p 33 35 96
p 33 36 64
p 33 37 45
p 33 38 57
p 33 39 74
p 33 40 80
p 33 41 42
p 33 43 81
p 33 46 73
p 33 47 65
p 33 48 89
p 33 50 97
p 33 53 98
p 33 55 70
p 33 61 61
p 33 63 77
p 33 75 84
p 33 83 86
p 33 85 91
p 33 92 99
p 33 95 100
p 34 34 58
p 34 35 74
p 34 36 67
p 34 37 50
p 34 38 68
p 34 39 64
p 34 40 46
p 34 41 76
p 34 42 87
p 34 43 52
p 34 45 81
p 34 48 51
p 34 49 91
p 34 54 100
p 34 62 78
p 34 63 95
p 34 66 94
p 34 71 79
p 34 73 83
p 34 77 88
p 34 80 82
p 34 89 90
p 35 35 48
p 35 36 70
p 35 37 90
p 35 38 76
p 35 39 91
p 35 41 82
p 35 42 46
p 35 43 73
p 35 44 56
p 35 45 89
p 35 47 86
p 35 49 100
p 35 50 53
p 35 61 94
p 35 64 79
p 35 66 77
p 35 68 78
p 35 69 95
p 35 75 83
p 35 84 85
p 35 88 93
p 36 36 77
p 36 38 78
p 36 41 84
p 36 42 92
p 36 43 48
p 36 44 93
p 36 45 69
p 36 47 91
p 36 49 68
p 36 50 80
p 36 55 83
p 36 64 96
p 36 66 76
p 36 70 99
p 36 71 85
p 36 72 89
p 36 73 73
p 36 74 87
p 36 90 94
p 37 37 54
p 37 38 73
p 37 39 83
p 37 40 71
p 37 41 75
p 37 43 86
p 37 44 77
p 37 45 85
p 37 46 87
p 37 47 95
p 37 48 99
p 37 50 100
p 37 52 80
p 37 53 55
p 37 56 98
p 37 66 67
p 37 69 69
p 37 76 89
p 37 79 93
p 37 81 88
p 37 92 97
p 38 38 75
p 38 40 79
p 38 41 74
p 38 42 88
p 38 43 45
p 38 44 53
p 38 46 50
p 38 47 85
p 38 52 92
p 38 57 77
p 38 60 87
p 38 61 80
p 38 63 94
p 38 68 96
p 38 69 84
p 38 78 81
p 38 82 93
p 38 83 83
p 38 89 99
p 38 90 98
p 39 39 78
p 39 40 82
p 39 41 92
p 39 42 77
p 39 46 90
p 39 48 53
p 39 49 85
p 39 54 79
p 39 55 81
p 39 58 58
p 39 59 93
p 39 63 86
p 39 65 96
p 39 72 88
p 39 75 76
p 39 83 89
p 39 84 97
p 39 91 100
p 40 40 72
p 40 41 59
p 40 42 84
p 40 43 93
p 40 44 60
p 40 45 83
p 40 46 85
p 40 47 74
p 40 49 89
p 40 50 56
p 40 51 52
p 40 53 81
p 40 54 78
p 40 57 57
p 40 58 95
p 40 61 92
p 40 63 99
p 40 82 97
p 40 87 96
p 41 41 81
p 41 43 60
p 41 44 83
p 41 45 86
p 41 46 95
p 41 47 63
p 41 49 56
p 41 50 77
p 41 52 54
p 41 59 85
p 41 62 62
p 41 64 98
p 41 65 100
p 41 67 97
p 41 70 94
p 41 76 96
p 41 78 93
p 42 42 76
p 42 43 94
p 42 44 81
p 42 47 62
p 42 48 90
p 42 49 59
p 42 50 75
p 42 51 64
p 42 52 93
p 42 53 96
p 42 54 74
p 42 55 85
p 42 60 89
p 42 65 65
p 42 67 95
p 42 77 82
p 42 99 100
p 43 43 98
p 43 44 75
p 43 46 57
p 43 49 83
p 43 50 96
p 43 51 61
p 43 53 80
p 43 54 59
p 43 56 78
p 43 62 99
p 43 64 97
p 43 65 95
p 43 71 84
p 43 79 87
p 43 82 82
p 44 44 62
p 44 45 57
p 44 47 96
p 44 48 54
p 44 51 99
p 44 55 64
p 44 56 94
p 44 59 92
p 44 60 90
p 44 61 85
p 44 66 91
p 44 70 98
p 44 75 82
p 44 79 95
p 45 45 66
p 45 47 93
p 45 48 88
p 45 49 61
p 45 53 94
p 45 54 65
p 45 58 92
p 45 59 60
p 45 68 97
p 45 70 100
p 45 77 91
p 45 80 90
p 45 83 99
p 45 89 98
p 46 48 91
p 46 49 97
p 46 51 88
p 46 54 67
p 46 55 94
p 46 56 66
p 46 58 63
p 46 59 62
p 46 61 84
p 46 64 64
p 46 82 100
p 47 47 92
p 47 51 90
p 47 53 61
p 47 56 70
p 47 60 67
p 47 62 88
p 47 63 98
p 47 79 100
p 47 93 97
p 47 99 99
p 48 48 71
p 48 50 69
p 48 56 92
p 48 58 86
p 48 61 63
p 48 62 67
p 48 64 72
p 48 65 66
p 48 82 98
p 48 90 96
p 49 49 96
p 49 50 63
p 49 52 78
p 49 53 71
p 49 54 93
p 49 57 99
p 49 59 88
p 49 60 66
p 49 61 65
p 49 67 70
p 49 94 95
p 49 98 98
p 50 55 72
p 50 60 73
p 50 61 95
p 50 64 93
p 50 68 87
p 50 71 94
p 50 90 90
p 50 91 92
p 51 51 95
p 51 52 98
p 51 60 75
p 51 63 91
p 51 64 77
p 51 66 100
p 51 67 73
p 51 76 76
p 51 90 97
p 52 52 74
p 52 53 91
p 52 54 99
p 52 56 73
p 52 57 71
p 52 63 67
p 52 69 72
p 52 93 95
p 52 94 94
p 53 55 66
p 53 64 74
p 53 65 89
p 53 72 97
p 53 73 78
p 54 56 71
p 54 59 77
p 54 78 80
p 54 81 87
p 54 86 95
p 55 59 74
p 55 69 79
p 55 70 75
p 55 77 77
p 56 62 76
p 56 64 86
p 56 67 79
p 56 68 83
p 56 70 72
p 56 75 81
p 56 87 88
p 57 58 65
p 57 61 82
p 57 62 89
p 57 63 88
p 57 66 84
p 57 67 75
p 57 69 80
p 57 74 83
p 57 91 93
p 58 59 79
p 58 63 87
p 58 67 74
p 58 71 82
p 58 75 80
p 58 77 78
p 58 92 96
p 59 65 87
p 59 68 71
p 59 73 81
p 59 78 82
p 59 91 97
p 60 63 81
p 60 67 86
p 60 76 79
p 60 83 91
p 60 84 84
p 61 69 71
p 61 74 86
p 61 88 98
p 61 90 93
p 62 65 69
p 62 77 83
p 62 81 90
p 62 84 92
p 62 85 87
p 63 64 83
p 63 70 84
p 63 73 90
p 63 80 96
p 63 86 89
p 63 93 93
p 64 67 94
p 64 71 87
p 64 72 91
p 64 76 78
p 64 81 89
p 65 65 91
p 65 68 85
p 65 72 83
p 65 73 88
p 65 77 93
p 65 79 99
p 65 81 94
p 65 87 90
p 65 89 97
p 65 92 92
p 66 67 81
p 66 82 86
p 66 89 95
p 67 92 93
p 67 95 98
p 68 81 95
p 68 82 89
p 68 83 98
p 68 93 99
p 69 89 96
p 69 95 99
p 69 100 100
p 70 91 96
p 71 77 95
p 71 79 90
p 72 93 100
p 74 76 98
p 75 83 100
p 78 98 99
195544
