2
3
5
10
6
15
7
21
35
70
210
11
55
165
330
462
66
13
78
286
715
14
91
1001
2002
3003
105
455
1365
3003
5005
17
24310
19
969
92378
190
4845
125970
1330
293930
22
231
7315
74613
646646
23
253
1771
8855
33649
100947
245157
490314
817190
1144066
1352078
10626
53130
26
230230
5311735
13123110
29
406
10015005
20030010
34597290
30
435
31
465
4495
31465
44352165
33
34
561
2203961430
595
6545
37
7770
66045
38
703
73815
501942
2760681
33578000610
39
741
9139
3262623
62359143990
91390
41
101270
749398
95548245
350343565
42
861
111930
5245786
445891810
1471442973
43
903
12341
123410
962598
6096454
32224114
563921995
1917334783
5752004349
265182149218
608359048206
946
135751
177232627
2481256778
21090682613
416714805914
1761039350070
14190
886163135
28760021745
46
163185
9366819
1101716330
4076350421
38910617655
101766230790
991493848554
2818953098830
47
1081
16215
178365
1533939
10737573
62891499
314457495
1362649145
5178066751
17417133617
52251400851
140676848445
341643774795
751616304549
1503232609098
2741188875414
4568648125690
6973199770790
9762479679106
