0 6248881
1 11309440
2 14329948
3 11132894
4 3374543
5 11441090
6 3278054
7 5628971
8 110441
9 2827676
10 8531202
11 4203834
12 9062187
13 11827510
14 8592811
15 27772
16 13883461
17 11266189
18 12667498
19 5352244
20 10618945
21 6775297
22 1617046
23 6962848
24 8151658
25 1363444
26 12778018
27 9284443
28 10992022
29 1218265
30 871055
31 4466501
32 5168564
33 9025200
34 8284305
35 785028
36 466617
37 8342715
38 12618111
39 3116487
40 1382065
41 13825441
42 4859299
43 3003323
44 8825576
T(10) = 10771919
Time taken: 0.000000 s
