46 46
1 6248881
2 12609616
3 11371162
4 5169917
5 7171346
6 12992501
7 5803742
8 6309488
9 7491773
10 9233858
11 10640262
12 7371861
13 1512321
14 11734450
15 2499748
16 8275021
17 140092
18 2049496
19 5562628
20 5755984
21 11611303
22 12901912
23 4068844
24 12138910
25 3354424
26 1212847
27 4803703
28 8446786
29 3199210
30 2344678
31 6312410
32 7478702
33 5869223
34 12813615
35 3364005
36 11573922
37 9042969
38 7959144
39 13501920
40 7745304
41 3363532
42 12914389
43 13954951
44 4642646
45 11536268
46 3375014
3375014 8825576 100000
1873574
